2015 8 9 0 0 28.00 -27280.0000 31850.0000 4415.0000 
2015 8 9 0 1 54.00 -27280.0000 31840.0000 4445.0000 
2015 8 9 0 3 20.00 -27270.0000 31840.0000 4476.0000 
2015 8 9 0 4 46.00 -27270.0000 31840.0000 4502.0000 
2015 8 9 0 6 12.00 -27270.0000 31840.0000 4532.0000 
2015 8 9 0 7 38.00 -27270.0000 31830.0000 4559.0000 
2015 8 9 0 9 4.00 -27270.0000 31830.0000 4588.0000 
2015 8 9 0 10 30.00 -27260.0000 31830.0000 4618.0000 
2015 8 9 0 11 57.00 -27260.0000 31830.0000 4643.0000 
2015 8 9 0 13 23.00 -27260.0000 31820.0000 4672.0000 
2015 8 9 0 14 49.00 -27260.0000 31820.0000 4698.0000 
2015 8 9 0 16 15.00 -27260.0000 31820.0000 4727.0000 
2015 8 9 0 17 41.00 -27250.0000 31820.0000 4755.0000 
2015 8 9 0 19 6.00 -27250.0000 31810.0000 4780.0000 
2015 8 9 0 20 32.00 -27250.0000 31810.0000 4808.0000 
2015 8 9 0 21 58.00 -27250.0000 31810.0000 4832.0000 
2015 8 9 0 23 24.00 -27250.0000 31810.0000 4860.0000 
2015 8 9 0 24 50.00 -27250.0000 31800.0000 4887.0000 
2015 8 9 0 26 17.00 -27250.0000 31800.0000 4911.0000 
2015 8 9 0 27 43.00 -27240.0000 31800.0000 4941.0000 
2015 8 9 0 29 9.00 -27240.0000 31800.0000 4962.0000 
2015 8 9 0 30 35.00 -27240.0000 31790.0000 4988.0000 
2015 8 9 0 32 1.00 -27240.0000 31790.0000 5015.0000 
2015 8 9 0 33 27.00 -27240.0000 31790.0000 5038.0000 
2015 8 9 0 34 53.00 -27240.0000 31790.0000 5065.0000 
2015 8 9 0 36 19.00 -27230.0000 31780.0000 5087.0000 
2015 8 9 0 37 45.00 -27230.0000 31780.0000 5115.0000 
2015 8 9 0 39 11.00 -27230.0000 31780.0000 5141.0000 
2015 8 9 0 40 37.00 -27230.0000 31770.0000 5163.0000 
2015 8 9 0 42 3.00 -27230.0000 31770.0000 5182.0000 
2015 8 9 0 43 29.00 -27230.0000 31770.0000 5204.0000 
2015 8 9 0 44 55.00 -27230.0000 31770.0000 5229.0000 
2015 8 9 0 46 21.00 -27230.0000 31760.0000 5253.0000 
2015 8 9 0 47 47.00 -27230.0000 31760.0000 5274.0000 
2015 8 9 0 49 13.00 -27220.0000 31760.0000 5298.0000 
2015 8 9 0 50 39.00 -27220.0000 31750.0000 5319.0000 
2015 8 9 0 52 5.00 -27220.0000 31750.0000 5343.0000 
2015 8 9 0 53 31.00 -27220.0000 31750.0000 5366.0000 
2015 8 9 0 54 57.00 -27220.0000 31750.0000 5386.0000 
2015 8 9 0 56 23.00 -27220.0000 31740.0000 5409.0000 
2015 8 9 0 57 49.00 -27220.0000 31740.0000 5429.0000 
2015 8 9 0 59 15.00 -27220.0000 31740.0000 5451.0000 
2015 8 9 1 0 41.00 -27220.0000 31730.0000 5473.0000 
2015 8 9 1 2 7.00 -27220.0000 31730.0000 5492.0000 
2015 8 9 1 3 33.00 -27220.0000 31730.0000 5514.0000 
2015 8 9 1 4 59.00 -27220.0000 31730.0000 5533.0000 
2015 8 9 1 6 25.00 -27220.0000 31720.0000 5554.0000 
2015 8 9 1 7 51.00 -27210.0000 31720.0000 5575.0000 
2015 8 9 1 9 17.00 -27210.0000 31720.0000 5594.0000 
2015 8 9 1 10 43.00 -27210.0000 31710.0000 5614.0000 
2015 8 9 1 12 9.00 -27210.0000 31710.0000 5632.0000 
2015 8 9 1 13 35.00 -27210.0000 31710.0000 5652.0000 
2015 8 9 1 15 1.00 -27210.0000 31700.0000 5672.0000 
2015 8 9 1 16 27.00 -27210.0000 31700.0000 5689.0000 
2015 8 9 1 17 53.00 -27210.0000 31700.0000 5708.0000 
2015 8 9 1 19 19.00 -27210.0000 31690.0000 5725.0000 
2015 8 9 1 20 45.00 -27210.0000 31690.0000 5746.0000 
2015 8 9 1 22 11.00 -27210.0000 31690.0000 5763.0000 
2015 8 9 1 23 37.00 -27210.0000 31690.0000 5779.0000 
2015 8 9 1 25 3.00 -27210.0000 31680.0000 5797.0000 
2015 8 9 1 26 29.00 -27210.0000 31680.0000 5812.0000 
2015 8 9 1 27 55.00 -27210.0000 31680.0000 5831.0000 
2015 8 9 1 29 21.00 -27210.0000 31670.0000 5846.0000 
2015 8 9 1 30 47.00 -27210.0000 31670.0000 5863.0000 
2015 8 9 1 32 13.00 -27210.0000 31670.0000 5878.0000 
2015 8 9 1 33 39.00 -27210.0000 31660.0000 5895.0000 
2015 8 9 1 35 5.00 -27210.0000 31660.0000 5909.0000 
2015 8 9 1 36 31.00 -27210.0000 31660.0000 5926.0000 
2015 8 9 1 37 57.00 -27210.0000 31660.0000 5940.0000 
2015 8 9 1 39 24.00 -27210.0000 31650.0000 5955.0000 
2015 8 9 1 40 50.00 -27210.0000 31650.0000 5969.0000 
2015 8 9 1 42 16.00 -27210.0000 31650.0000 5984.0000 
2015 8 9 1 43 41.00 -27210.0000 31640.0000 5999.0000 
2015 8 9 1 45 7.00 -27210.0000 31640.0000 6012.0000 
2015 8 9 1 46 33.00 -27210.0000 31640.0000 6027.0000 
2015 8 9 1 47 59.00 -27220.0000 31630.0000 6039.0000 
2015 8 9 1 49 25.00 -27220.0000 31630.0000 6053.0000 
2015 8 9 1 50 51.00 -27220.0000 31630.0000 6067.0000 
2015 8 9 1 52 17.00 -27220.0000 31630.0000 6079.0000 
2015 8 9 1 53 44.00 -27220.0000 31620.0000 6092.0000 
2015 8 9 1 55 10.00 -27220.0000 31620.0000 6103.0000 
2015 8 9 1 56 36.00 -27220.0000 31620.0000 6117.0000 
2015 8 9 1 58 2.00 -27220.0000 31610.0000 6129.0000 
2015 8 9 1 59 28.00 -27220.0000 31610.0000 6139.0000 
2015 8 9 2 0 54.00 -27220.0000 31610.0000 6152.0000 
2015 8 9 2 2 20.00 -27220.0000 31600.0000 6163.0000 
2015 8 9 2 3 46.00 -27220.0000 31600.0000 6174.0000 
2015 8 9 2 5 11.00 -27220.0000 31600.0000 6185.0000 
2015 8 9 2 6 38.00 -27230.0000 31600.0000 6195.0000 
2015 8 9 2 8 4.00 -27230.0000 31590.0000 6205.0000 
2015 8 9 2 9 30.00 -27230.0000 31590.0000 6214.0000 
2015 8 9 2 10 56.00 -27230.0000 31590.0000 6224.0000 
2015 8 9 2 12 22.00 -27230.0000 31580.0000 6234.0000 
2015 8 9 2 13 48.00 -27230.0000 31580.0000 6243.0000 
2015 8 9 2 15 14.00 -27230.0000 31580.0000 6252.0000 
2015 8 9 2 16 40.00 -27230.0000 31580.0000 6260.0000 
2015 8 9 2 18 6.00 -27240.0000 31570.0000 6269.0000 
2015 8 9 2 19 32.00 -27240.0000 31570.0000 6277.0000 
2015 8 9 2 20 58.00 -27240.0000 31570.0000 6285.0000 
2015 8 9 2 22 24.00 -27240.0000 31560.0000 6293.0000 
2015 8 9 2 23 50.00 -27240.0000 31560.0000 6300.0000 
2015 8 9 2 25 16.00 -27240.0000 31560.0000 6306.0000 
2015 8 9 2 26 42.00 -27240.0000 31560.0000 6314.0000 
2015 8 9 2 28 8.00 -27250.0000 31550.0000 6320.0000 
2015 8 9 2 29 34.00 -27250.0000 31550.0000 6326.0000 
2015 8 9 2 31 0.00 -27250.0000 31550.0000 6332.0000 
2015 8 9 2 32 26.00 -27250.0000 31550.0000 6338.0000 
2015 8 9 2 33 52.00 -27250.0000 31540.0000 6345.0000 
2015 8 9 2 35 18.00 -27250.0000 31540.0000 6350.0000 
2015 8 9 2 36 44.00 -27260.0000 31540.0000 6355.0000 
2015 8 9 2 38 10.00 -27260.0000 31540.0000 6360.0000 
2015 8 9 2 39 36.00 -27260.0000 31530.0000 6365.0000 
2015 8 9 2 41 2.00 -27260.0000 31530.0000 6370.0000 
2015 8 9 2 42 28.00 -27260.0000 31530.0000 6373.0000 
2015 8 9 2 43 54.00 -27260.0000 31530.0000 6378.0000 
2015 8 9 2 45 20.00 -27270.0000 31520.0000 6381.0000 
2015 8 9 2 46 46.00 -27270.0000 31520.0000 6385.0000 
2015 8 9 2 48 12.00 -27270.0000 31520.0000 6388.0000 
2015 8 9 2 49 38.00 -27270.0000 31520.0000 6391.0000 
2015 8 9 2 51 4.00 -27270.0000 31520.0000 6393.0000 
2015 8 9 2 52 30.00 -27280.0000 31510.0000 6396.0000 
2015 8 9 2 53 56.00 -27280.0000 31510.0000 6398.0000 
2015 8 9 2 55 22.00 -27280.0000 31510.0000 6400.0000 
2015 8 9 2 56 48.00 -27280.0000 31510.0000 6401.0000 
2015 8 9 2 58 14.00 -27280.0000 31500.0000 6403.0000 
2015 8 9 2 59 40.00 -27290.0000 31500.0000 6404.0000 
2015 8 9 3 1 6.00 -27290.0000 31500.0000 6405.0000 
2015 8 9 3 2 32.00 -27290.0000 31500.0000 6405.0000 
2015 8 9 3 3 58.00 -27290.0000 31500.0000 6406.0000 
2015 8 9 3 5 24.00 -27300.0000 31490.0000 6406.0000 
2015 8 9 3 6 50.00 -27300.0000 31490.0000 6406.0000 
2015 8 9 3 8 16.00 -27300.0000 31490.0000 6406.0000 
2015 8 9 3 9 42.00 -27300.0000 31490.0000 6405.0000 
2015 8 9 3 11 8.00 -27310.0000 31490.0000 6404.0000 
2015 8 9 3 12 34.00 -27310.0000 31480.0000 6403.0000 
2015 8 9 3 14 0.00 -27310.0000 31480.0000 6402.0000 
2015 8 9 3 15 26.00 -27310.0000 31480.0000 6400.0000 
2015 8 9 3 16 52.00 -27320.0000 31480.0000 6398.0000 
2015 8 9 3 18 18.00 -27320.0000 31480.0000 6396.0000 
2015 8 9 3 19 45.00 -27320.0000 31480.0000 6396.0000 
2015 8 9 3 21 11.00 -27320.0000 31470.0000 6393.0000 
2015 8 9 3 22 37.00 -27320.0000 31470.0000 6391.0000 
2015 8 9 3 24 3.00 -27330.0000 31470.0000 6388.0000 
2015 8 9 3 25 29.00 -27330.0000 31470.0000 6385.0000 
2015 8 9 3 26 55.00 -27330.0000 31470.0000 6381.0000 
2015 8 9 3 28 21.00 -27330.0000 31470.0000 6378.0000 
2015 8 9 3 29 46.00 -27340.0000 31470.0000 6374.0000 
2015 8 9 3 31 12.00 -27340.0000 31460.0000 6365.0000 
2015 8 9 3 32 38.00 -27340.0000 31460.0000 6361.0000 
2015 8 9 3 34 5.00 -27350.0000 31460.0000 6356.0000 
2015 8 9 3 35 31.00 -27350.0000 31460.0000 6350.0000 
2015 8 9 3 36 57.00 -27350.0000 31460.0000 6345.0000 
2015 8 9 3 38 23.00 -27360.0000 31460.0000 6339.0000 
2015 8 9 3 39 49.00 -27360.0000 31460.0000 6334.0000 
2015 8 9 3 41 15.00 -27360.0000 31450.0000 6328.0000 
2015 8 9 3 42 41.00 -27360.0000 31450.0000 6322.0000 
2015 8 9 3 44 7.00 -27370.0000 31450.0000 6315.0000 
2015 8 9 3 45 33.00 -27370.0000 31450.0000 6308.0000 
2015 8 9 3 46 59.00 -27370.0000 31450.0000 6301.0000 
2015 8 9 3 48 25.00 -27370.0000 31450.0000 6294.0000 
2015 8 9 3 49 51.00 -27380.0000 31450.0000 6286.0000 
2015 8 9 3 51 17.00 -27380.0000 31450.0000 6279.0000 
2015 8 9 3 52 43.00 -27380.0000 31450.0000 6270.0000 
2015 8 9 3 54 9.00 -27390.0000 31450.0000 6262.0000 
2015 8 9 3 55 35.00 -27390.0000 31440.0000 6253.0000 
2015 8 9 3 57 1.00 -27390.0000 31440.0000 6243.0000 
2015 8 9 3 58 27.00 -27400.0000 31440.0000 6235.0000 
2015 8 9 3 59 53.00 -27400.0000 31440.0000 6225.0000 
2015 8 9 4 1 19.00 -27400.0000 31440.0000 6216.0000 
2015 8 9 4 2 45.00 -27400.0000 31440.0000 6206.0000 
2015 8 9 4 4 11.00 -27410.0000 31440.0000 6195.0000 
2015 8 9 4 5 37.00 -27410.0000 31440.0000 6185.0000 
2015 8 9 4 7 3.00 -27410.0000 31440.0000 6174.0000 
2015 8 9 4 8 29.00 -27420.0000 31440.0000 6164.0000 
2015 8 9 4 9 55.00 -27420.0000 31440.0000 6153.0000 
2015 8 9 4 11 21.00 -27420.0000 31440.0000 6141.0000 
2015 8 9 4 12 47.00 -27430.0000 31440.0000 6130.0000 
2015 8 9 4 14 13.00 -27430.0000 31440.0000 6118.0000 
2015 8 9 4 15 39.00 -27430.0000 31440.0000 6107.0000 
2015 8 9 4 17 5.00 -27430.0000 31440.0000 6094.0000 
2015 8 9 4 18 31.00 -27440.0000 31440.0000 6082.0000 
2015 8 9 4 19 57.00 -27440.0000 31440.0000 6069.0000 
2015 8 9 4 21 23.00 -27440.0000 31440.0000 6057.0000 
2015 8 9 4 22 49.00 -27450.0000 31440.0000 6043.0000 
2015 8 9 4 24 15.00 -27450.0000 31440.0000 6030.0000 
2015 8 9 4 25 41.00 -27450.0000 31440.0000 6016.0000 
2015 8 9 4 27 7.00 -27460.0000 31440.0000 6003.0000 
2015 8 9 4 28 33.00 -27460.0000 31440.0000 5988.0000 
2015 8 9 4 29 59.00 -27460.0000 31440.0000 5973.0000 
2015 8 9 4 31 25.00 -27460.0000 31440.0000 5959.0000 
2015 8 9 4 32 51.00 -27470.0000 31440.0000 5943.0000 
2015 8 9 4 34 17.00 -27470.0000 31440.0000 5928.0000 
2015 8 9 4 35 43.00 -27470.0000 31440.0000 5912.0000 
2015 8 9 4 37 9.00 -27480.0000 31440.0000 5896.0000 
2015 8 9 4 38 35.00 -27480.0000 31440.0000 5881.0000 
2015 8 9 4 40 1.00 -27480.0000 31440.0000 5864.0000 
2015 8 9 4 41 27.00 -27490.0000 31440.0000 5849.0000 
2015 8 9 4 42 53.00 -27490.0000 31440.0000 5832.0000 
2015 8 9 4 44 19.00 -27490.0000 31440.0000 5816.0000 
2015 8 9 4 45 45.00 -27500.0000 31440.0000 5799.0000 
2015 8 9 4 47 12.00 -27500.0000 31440.0000 5781.0000 
2015 8 9 4 48 38.00 -27500.0000 31440.0000 5764.0000 
2015 8 9 4 50 4.00 -27500.0000 31440.0000 5746.0000 
2015 8 9 4 51 30.00 -27510.0000 31440.0000 5742.0000 
2015 8 9 4 52 56.00 -27510.0000 31440.0000 5710.0000 
2015 8 9 4 54 21.00 -27510.0000 31440.0000 5691.0000 
2015 8 9 4 55 47.00 -27520.0000 31440.0000 5674.0000 
2015 8 9 4 57 13.00 -27520.0000 31440.0000 5654.0000 
2015 8 9 4 58 39.00 -27520.0000 31450.0000 5636.0000 
2015 8 9 5 0 6.00 -27520.0000 31450.0000 5616.0000 
2015 8 9 5 1 32.00 -27530.0000 31450.0000 5597.0000 
2015 8 9 5 2 58.00 -27530.0000 31450.0000 5578.0000 
2015 8 9 5 4 24.00 -27530.0000 31450.0000 5560.0000 
2015 8 9 5 5 50.00 -27540.0000 31450.0000 5541.0000 
2015 8 9 5 7 16.00 -27540.0000 31450.0000 5518.0000 
2015 8 9 5 8 42.00 -27540.0000 31450.0000 5498.0000 
2015 8 9 5 10 8.00 -27550.0000 31450.0000 5476.0000 
2015 8 9 5 11 34.00 -27550.0000 31450.0000 5454.0000 
2015 8 9 5 13 0.00 -27550.0000 31460.0000 5435.0000 
2015 8 9 5 14 26.00 -27550.0000 31460.0000 5413.0000 
2015 8 9 5 15 52.00 -27560.0000 31460.0000 5389.0000 
2015 8 9 5 17 18.00 -27560.0000 31460.0000 5372.0000 
2015 8 9 5 18 44.00 -27560.0000 31460.0000 5346.0000 
2015 8 9 5 20 10.00 -27560.0000 31460.0000 5330.0000 
2015 8 9 5 21 36.00 -27570.0000 31460.0000 5302.0000 
2015 8 9 5 23 2.00 -27570.0000 31470.0000 5283.0000 
2015 8 9 5 24 28.00 -27570.0000 31470.0000 5260.0000 
2015 8 9 5 25 54.00 -27570.0000 31470.0000 5238.0000 
2015 8 9 5 27 20.00 -27580.0000 31470.0000 5213.0000 
2015 8 9 5 28 46.00 -27580.0000 31470.0000 5189.0000 
2015 8 9 5 30 12.00 -27580.0000 31470.0000 5167.0000 
2015 8 9 5 31 38.00 -27590.0000 31470.0000 5144.0000 
2015 8 9 5 33 4.00 -27590.0000 31480.0000 5119.0000 
2015 8 9 5 34 30.00 -27590.0000 31480.0000 5094.0000 
2015 8 9 5 35 56.00 -27590.0000 31480.0000 5071.0000 
2015 8 9 5 37 22.00 -27600.0000 31480.0000 5045.0000 
2015 8 9 5 38 48.00 -27600.0000 31480.0000 5019.0000 
2015 8 9 5 40 14.00 -27600.0000 31490.0000 4993.0000 
2015 8 9 5 41 40.00 -27600.0000 31490.0000 4969.0000 
2015 8 9 5 43 6.00 -27610.0000 31490.0000 4945.0000 
2015 8 9 5 44 32.00 -27610.0000 31490.0000 4918.0000 
2015 8 9 5 45 58.00 -27610.0000 31490.0000 4894.0000 
2015 8 9 5 47 24.00 -27610.0000 31500.0000 4864.0000 
2015 8 9 5 48 50.00 -27610.0000 31500.0000 4839.0000 
2015 8 9 5 50 16.00 -27620.0000 31500.0000 4814.0000 
2015 8 9 5 51 42.00 -27620.0000 31500.0000 4786.0000 
2015 8 9 5 53 8.00 -27620.0000 31500.0000 4761.0000 
2015 8 9 5 54 34.00 -27620.0000 31510.0000 4733.0000 
2015 8 9 5 56 0.00 -27630.0000 31510.0000 4704.0000 
2015 8 9 5 57 26.00 -27630.0000 31510.0000 4680.0000 
2015 8 9 5 58 52.00 -27630.0000 31510.0000 4653.0000 
2015 8 9 6 0 18.00 -27630.0000 31510.0000 4627.0000 
2015 8 9 6 1 44.00 -27630.0000 31520.0000 4598.0000 
2015 8 9 6 3 10.00 -27640.0000 31520.0000 4569.0000 
2015 8 9 6 4 36.00 -27640.0000 31520.0000 4542.0000 
2015 8 9 6 6 2.00 -27640.0000 31520.0000 4513.0000 
2015 8 9 6 7 28.00 -27640.0000 31530.0000 4486.0000 
2015 8 9 6 8 54.00 -27640.0000 31530.0000 4456.0000 
2015 8 9 6 10 20.00 -27650.0000 31530.0000 4425.0000 
2015 8 9 6 11 46.00 -27650.0000 31530.0000 4398.0000 
2015 8 9 6 13 12.00 -27650.0000 31540.0000 4367.0000 
2015 8 9 6 14 38.00 -27650.0000 31540.0000 4339.0000 
2015 8 9 6 16 5.00 -27650.0000 31540.0000 4309.0000 
2015 8 9 6 17 30.00 -27650.0000 31540.0000 4277.0000 
2015 8 9 6 18 56.00 -27660.0000 31550.0000 4250.0000 
2015 8 9 6 20 22.00 -27660.0000 31550.0000 4218.0000 
2015 8 9 6 21 48.00 -27660.0000 31550.0000 4187.0000 
2015 8 9 6 23 14.00 -27660.0000 31550.0000 4157.0000 
2015 8 9 6 24 40.00 -27660.0000 31560.0000 4126.0000 
2015 8 9 6 26 6.00 -27660.0000 31560.0000 4094.0000 
2015 8 9 6 27 32.00 -27670.0000 31560.0000 4065.0000 
2015 8 9 6 28 59.00 -27670.0000 31560.0000 4033.0000 
2015 8 9 6 30 25.00 -27670.0000 31570.0000 4003.0000 
2015 8 9 6 31 51.00 -27670.0000 31570.0000 3969.0000 
2015 8 9 6 33 17.00 -27670.0000 31570.0000 3940.0000 
2015 8 9 6 34 43.00 -27670.0000 31580.0000 3904.0000 
2015 8 9 6 36 9.00 -27670.0000 31580.0000 3874.0000 
2015 8 9 6 37 35.00 -27680.0000 31580.0000 3843.0000 
2015 8 9 6 39 0.00 -27680.0000 31580.0000 3809.0000 
2015 8 9 6 40 27.00 -27680.0000 31590.0000 3780.0000 
2015 8 9 6 41 53.00 -27680.0000 31590.0000 3745.0000 
2015 8 9 6 43 19.00 -27680.0000 31590.0000 3715.0000 
2015 8 9 6 44 45.00 -27680.0000 31600.0000 3678.0000 
2015 8 9 6 46 11.00 -27680.0000 31600.0000 3646.0000 
2015 8 9 6 47 37.00 -27680.0000 31600.0000 3615.0000 
2015 8 9 6 49 3.00 -27680.0000 31600.0000 3577.0000 
2015 8 9 6 50 29.00 -27690.0000 31610.0000 3549.0000 
2015 8 9 6 51 55.00 -27690.0000 31610.0000 3514.0000 
2015 8 9 6 53 21.00 -27690.0000 31610.0000 3477.0000 
2015 8 9 6 54 47.00 -27690.0000 31620.0000 3447.0000 
2015 8 9 6 56 13.00 -27690.0000 31620.0000 3411.0000 
2015 8 9 6 57 39.00 -27690.0000 31620.0000 3379.0000 
2015 8 9 6 59 5.00 -27690.0000 31620.0000 3345.0000 
2015 8 9 7 0 31.00 -27690.0000 31630.0000 3307.0000 
2015 8 9 7 1 57.00 -27690.0000 31630.0000 3274.0000 
2015 8 9 7 3 23.00 -27690.0000 31630.0000 3239.0000 
2015 8 9 7 4 49.00 -27690.0000 31640.0000 3206.0000 
2015 8 9 7 6 15.00 -27690.0000 31640.0000 3169.0000 
2015 8 9 7 7 41.00 -27690.0000 31640.0000 3133.0000 
2015 8 9 7 9 7.00 -27690.0000 31650.0000 3100.0000 
2015 8 9 7 10 33.00 -27690.0000 31650.0000 3063.0000 
2015 8 9 7 11 59.00 -27700.0000 31650.0000 3030.0000 
2015 8 9 7 13 25.00 -27700.0000 31650.0000 2993.0000 
2015 8 9 7 14 51.00 -27700.0000 31660.0000 2956.0000 
2015 8 9 7 16 17.00 -27700.0000 31660.0000 2922.0000 
2015 8 9 7 17 43.00 -27700.0000 31660.0000 2887.0000 
2015 8 9 7 19 9.00 -27700.0000 31670.0000 2852.0000 
2015 8 9 7 20 35.00 -27700.0000 31670.0000 2819.0000 
2015 8 9 7 22 1.00 -27700.0000 31670.0000 2776.0000 
2015 8 9 7 23 27.00 -27700.0000 31680.0000 2743.0000 
2015 8 9 7 24 53.00 -27700.0000 31680.0000 2705.0000 
2015 8 9 7 26 19.00 -27700.0000 31680.0000 2671.0000 
2015 8 9 7 27 45.00 -27700.0000 31690.0000 2638.0000 
2015 8 9 7 29 11.00 -27700.0000 31690.0000 2600.0000 
2015 8 9 7 30 37.00 -27700.0000 31690.0000 2565.0000 
2015 8 9 7 32 3.00 -27700.0000 31690.0000 2526.0000 
2015 8 9 7 33 29.00 -27700.0000 31700.0000 2487.0000 
2015 8 9 7 34 55.00 -27700.0000 31700.0000 2453.0000 
2015 8 9 7 36 21.00 -27700.0000 31700.0000 2414.0000 
2015 8 9 7 37 47.00 -27700.0000 31710.0000 2380.0000 
2015 8 9 7 39 13.00 -27700.0000 31710.0000 2341.0000 
2015 8 9 7 40 39.00 -27690.0000 31710.0000 2301.0000 
2015 8 9 7 42 5.00 -27690.0000 31720.0000 2267.0000 
2015 8 9 7 43 31.00 -27690.0000 31720.0000 2222.0000 
2015 8 9 7 44 57.00 -27690.0000 31720.0000 2187.0000 
2015 8 9 7 46 23.00 -27690.0000 31730.0000 2147.0000 
2015 8 9 7 47 49.00 -27690.0000 31730.0000 2112.0000 
2015 8 9 7 49 15.00 -27690.0000 31730.0000 2072.0000 
2015 8 9 7 50 41.00 -27690.0000 31730.0000 2032.0000 
2015 8 9 7 52 7.00 -27690.0000 31740.0000 1997.0000 
2015 8 9 7 53 33.00 -27690.0000 31740.0000 1957.0000 
2015 8 9 7 55 0.00 -27690.0000 31740.0000 1921.0000 
2015 8 9 7 56 26.00 -27690.0000 31750.0000 1880.0000 
2015 8 9 7 57 52.00 -27690.0000 31750.0000 1847.0000 
2015 8 9 7 59 18.00 -27690.0000 31750.0000 1805.0000 
2015 8 9 8 0 44.00 -27690.0000 31760.0000 1765.0000 
2015 8 9 8 2 9.00 -27680.0000 31760.0000 1729.0000 
2015 8 9 8 3 35.00 -27680.0000 31760.0000 1695.0000 
2015 8 9 8 5 1.00 -27680.0000 31760.0000 1648.0000 
2015 8 9 8 6 27.00 -27680.0000 31770.0000 1612.0000 
2015 8 9 8 7 54.00 -27680.0000 31770.0000 1571.0000 
2015 8 9 8 9 20.00 -27680.0000 31770.0000 1533.0000 
2015 8 9 8 10 46.00 -27680.0000 31780.0000 1495.0000 
2015 8 9 8 12 12.00 -27680.0000 31780.0000 1455.0000 
2015 8 9 8 13 38.00 -27680.0000 31780.0000 1415.0000 
2015 8 9 8 15 4.00 -27670.0000 31780.0000 1377.0000 
2015 8 9 8 16 30.00 -27670.0000 31790.0000 1341.0000 
2015 8 9 8 17 56.00 -27670.0000 31790.0000 1296.0000 
2015 8 9 8 19 22.00 -27670.0000 31790.0000 1260.0000 
2015 8 9 8 20 48.00 -27670.0000 31790.0000 1222.0000 
2015 8 9 8 22 14.00 -27670.0000 31800.0000 1181.0000 
2015 8 9 8 23 40.00 -27670.0000 31800.0000 1144.0000 
2015 8 9 8 25 6.00 -27660.0000 31800.0000 1103.0000 
2015 8 9 8 26 32.00 -27660.0000 31810.0000 1062.0000 
2015 8 9 8 27 58.00 -27660.0000 31810.0000 1025.0000 
2015 8 9 8 29 24.00 -27660.0000 31810.0000 983.6000 
2015 8 9 8 30 50.00 -27660.0000 31810.0000 938.6000 
2015 8 9 8 32 16.00 -27660.0000 31820.0000 904.9000 
2015 8 9 8 33 42.00 -27650.0000 31820.0000 863.1000 
2015 8 9 8 35 8.00 -27650.0000 31820.0000 823.6000 
2015 8 9 8 36 34.00 -27650.0000 31820.0000 785.4000 
2015 8 9 8 38 0.00 -27650.0000 31830.0000 743.2000 
2015 8 9 8 39 26.00 -27650.0000 31830.0000 703.6000 
2015 8 9 8 40 52.00 -27650.0000 31830.0000 661.3000 
2015 8 9 8 42 18.00 -27640.0000 31830.0000 628.0000 
2015 8 9 8 43 44.00 -27640.0000 31840.0000 586.3000 
2015 8 9 8 45 10.00 -27640.0000 31840.0000 545.2000 
2015 8 9 8 46 36.00 -27640.0000 31840.0000 503.4000 
2015 8 9 8 48 2.00 -27640.0000 31840.0000 460.0000 
2015 8 9 8 49 28.00 -27630.0000 31850.0000 422.7000 
2015 8 9 8 50 54.00 -27630.0000 31850.0000 386.9000 
2015 8 9 8 52 20.00 -27630.0000 31850.0000 338.8000 
2015 8 9 8 53 46.00 -27630.0000 31850.0000 301.4000 
2015 8 9 8 55 12.00 -27620.0000 31850.0000 259.4000 
2015 8 9 8 56 38.00 -27620.0000 31860.0000 222.1000 
2015 8 9 8 58 4.00 -27620.0000 31860.0000 180.1000 
2015 8 9 8 59 30.00 -27620.0000 31860.0000 138.0000 
2015 8 9 9 0 56.00 -27620.0000 31860.0000 99.2800 
2015 8 9 9 2 22.00 -27610.0000 31870.0000 57.2500 
2015 8 9 9 3 48.00 -27610.0000 31870.0000 21.8800 
2015 8 9 9 5 14.00 -27610.0000 31870.0000 -22.1600 
2015 8 9 9 6 40.00 -27610.0000 31870.0000 -60.4700 
2015 8 9 9 8 6.00 -27600.0000 31870.0000 -98.0300 
2015 8 9 9 9 32.00 -27600.0000 31870.0000 -139.6000 
2015 8 9 9 10 58.00 -27600.0000 31880.0000 -176.5000 
2015 8 9 9 12 24.00 -27600.0000 31880.0000 -218.8000 
2015 8 9 9 13 50.00 -27590.0000 31880.0000 -260.0000 
2015 8 9 9 15 16.00 -27590.0000 31880.0000 -303.3000 
2015 8 9 9 16 42.00 -27590.0000 31880.0000 -345.2000 
2015 8 9 9 18 8.00 -27590.0000 31890.0000 -382.6000 
2015 8 9 9 19 34.00 -27580.0000 31890.0000 -424.5000 
2015 8 9 9 21 0.00 -27580.0000 31890.0000 -460.5000 
2015 8 9 9 22 27.00 -27580.0000 31890.0000 -496.8000 
2015 8 9 9 23 53.00 -27580.0000 31890.0000 -539.1000 
2015 8 9 9 25 19.00 -27570.0000 31890.0000 -575.9000 
2015 8 9 9 26 44.00 -27570.0000 31900.0000 -617.2000 
2015 8 9 9 28 10.00 -27570.0000 31900.0000 -659.2000 
2015 8 9 9 29 36.00 -27570.0000 31900.0000 -698.6000 
2015 8 9 9 31 2.00 -27560.0000 31900.0000 -740.4000 
2015 8 9 9 32 28.00 -27560.0000 31900.0000 -773.7000 
2015 8 9 9 33 54.00 -27560.0000 31900.0000 -816.4000 
2015 8 9 9 35 21.00 -27550.0000 31900.0000 -858.1000 
2015 8 9 9 36 47.00 -27550.0000 31900.0000 -894.4000 
2015 8 9 9 38 13.00 -27550.0000 31910.0000 -936.2000 
2015 8 9 9 39 39.00 -27550.0000 31910.0000 -973.0000 
2015 8 9 9 41 5.00 -27540.0000 31910.0000 -1020.0000 
2015 8 9 9 42 31.00 -27540.0000 31910.0000 -1061.0000 
2015 8 9 9 43 57.00 -27540.0000 31910.0000 -1098.0000 
2015 8 9 9 45 23.00 -27530.0000 31910.0000 -1139.0000 
2015 8 9 9 46 48.00 -27530.0000 31910.0000 -1175.0000 
2015 8 9 9 48 15.00 -27530.0000 31910.0000 -1216.0000 
2015 8 9 9 49 41.00 -27530.0000 31910.0000 -1257.0000 
2015 8 9 9 51 7.00 -27520.0000 31920.0000 -1292.0000 
2015 8 9 9 52 33.00 -27520.0000 31920.0000 -1335.0000 
2015 8 9 9 53 59.00 -27520.0000 31920.0000 -1370.0000 
2015 8 9 9 55 25.00 -27510.0000 31920.0000 -1415.0000 
2015 8 9 9 56 51.00 -27510.0000 31920.0000 -1452.0000 
2015 8 9 9 58 17.00 -27510.0000 31920.0000 -1488.0000 
2015 8 9 9 59 43.00 -27510.0000 31920.0000 -1530.0000 
2015 8 9 10 1 9.00 -27500.0000 31920.0000 -1565.0000 
2015 8 9 10 2 35.00 -27500.0000 31920.0000 -1606.0000 
2015 8 9 10 4 1.00 -27500.0000 31920.0000 -1646.0000 
2015 8 9 10 5 27.00 -27490.0000 31920.0000 -1686.0000 
2015 8 9 10 6 53.00 -27490.0000 31920.0000 -1728.0000 
2015 8 9 10 8 19.00 -27490.0000 31920.0000 -1757.0000 
2015 8 9 10 9 45.00 -27480.0000 31920.0000 -1804.0000 
2015 8 9 10 11 11.00 -27480.0000 31920.0000 -1845.0000 
2015 8 9 10 12 37.00 -27480.0000 31930.0000 -1880.0000 
2015 8 9 10 14 3.00 -27470.0000 31930.0000 -1922.0000 
2015 8 9 10 15 29.00 -27470.0000 31930.0000 -1957.0000 
2015 8 9 10 16 55.00 -27470.0000 31930.0000 -1997.0000 
2015 8 9 10 18 21.00 -27470.0000 31930.0000 -2037.0000 
2015 8 9 10 19 47.00 -27460.0000 31930.0000 -2073.0000 
2015 8 9 10 21 13.00 -27460.0000 31930.0000 -2112.0000 
2015 8 9 10 22 39.00 -27460.0000 31930.0000 -2147.0000 
2015 8 9 10 24 5.00 -27450.0000 31930.0000 -2186.0000 
2015 8 9 10 25 31.00 -27450.0000 31930.0000 -2226.0000 
2015 8 9 10 26 57.00 -27450.0000 31930.0000 -2257.0000 
2015 8 9 10 28 23.00 -27440.0000 31930.0000 -2296.0000 
2015 8 9 10 29 49.00 -27440.0000 31930.0000 -2331.0000 
2015 8 9 10 31 15.00 -27440.0000 31930.0000 -2372.0000 
2015 8 9 10 32 41.00 -27430.0000 31930.0000 -2414.0000 
2015 8 9 10 34 7.00 -27430.0000 31930.0000 -2449.0000 
2015 8 9 10 35 33.00 -27430.0000 31930.0000 -2488.0000 
2015 8 9 10 36 59.00 -27430.0000 31930.0000 -2522.0000 
2015 8 9 10 38 25.00 -27420.0000 31930.0000 -2561.0000 
2015 8 9 10 39 51.00 -27420.0000 31920.0000 -2592.0000 
2015 8 9 10 41 17.00 -27420.0000 31920.0000 -2627.0000 
2015 8 9 10 42 43.00 -27410.0000 31920.0000 -2672.0000 
2015 8 9 10 44 9.00 -27410.0000 31920.0000 -2706.0000 
2015 8 9 10 45 35.00 -27410.0000 31920.0000 -2744.0000 
2015 8 9 10 47 1.00 -27400.0000 31920.0000 -2782.0000 
2015 8 9 10 48 27.00 -27400.0000 31920.0000 -2815.0000 
2015 8 9 10 49 53.00 -27400.0000 31920.0000 -2853.0000 
2015 8 9 10 51 19.00 -27400.0000 31920.0000 -2887.0000 
2015 8 9 10 52 45.00 -27390.0000 31920.0000 -2924.0000 
2015 8 9 10 54 11.00 -27390.0000 31920.0000 -2961.0000 
2015 8 9 10 55 37.00 -27390.0000 31920.0000 -2994.0000 
2015 8 9 10 57 3.00 -27380.0000 31920.0000 -3032.0000 
2015 8 9 10 58 29.00 -27380.0000 31920.0000 -3064.0000 
2015 8 9 10 59 55.00 -27380.0000 31920.0000 -3098.0000 
2015 8 9 11 1 21.00 -27370.0000 31910.0000 -3133.0000 
2015 8 9 11 2 48.00 -27370.0000 31910.0000 -3169.0000 
2015 8 9 11 4 14.00 -27370.0000 31910.0000 -3201.0000 
2015 8 9 11 5 40.00 -27370.0000 31910.0000 -3239.0000 
2015 8 9 11 7 6.00 -27360.0000 31910.0000 -3270.0000 
2015 8 9 11 8 32.00 -27360.0000 31910.0000 -3312.0000 
2015 8 9 11 9 58.00 -27360.0000 31910.0000 -3344.0000 
2015 8 9 11 11 23.00 -27350.0000 31910.0000 -3374.0000 
2015 8 9 11 12 49.00 -27350.0000 31910.0000 -3411.0000 
2015 8 9 11 14 15.00 -27350.0000 31900.0000 -3441.0000 
2015 8 9 11 15 42.00 -27350.0000 31900.0000 -3477.0000 
2015 8 9 11 17 8.00 -27340.0000 31900.0000 -3507.0000 
2015 8 9 11 18 34.00 -27340.0000 31900.0000 -3542.0000 
2015 8 9 11 20 0.00 -27340.0000 31900.0000 -3576.0000 
2015 8 9 11 21 26.00 -27340.0000 31900.0000 -3611.0000 
2015 8 9 11 22 52.00 -27330.0000 31900.0000 -3645.0000 
2015 8 9 11 24 18.00 -27330.0000 31890.0000 -3673.0000 
2015 8 9 11 25 44.00 -27330.0000 31890.0000 -3707.0000 
2015 8 9 11 27 10.00 -27320.0000 31890.0000 -3740.0000 
2015 8 9 11 28 36.00 -27320.0000 31890.0000 -3771.0000 
2015 8 9 11 30 2.00 -27320.0000 31890.0000 -3805.0000 
2015 8 9 11 31 28.00 -27320.0000 31890.0000 -3835.0000 
2015 8 9 11 32 54.00 -27310.0000 31880.0000 -3873.0000 
2015 8 9 11 34 20.00 -27310.0000 31880.0000 -3902.0000 
2015 8 9 11 35 46.00 -27310.0000 31880.0000 -3936.0000 
2015 8 9 11 37 12.00 -27310.0000 31880.0000 -3969.0000 
2015 8 9 11 38 38.00 -27300.0000 31880.0000 -3999.0000 
2015 8 9 11 40 4.00 -27300.0000 31880.0000 -4032.0000 
2015 8 9 11 41 30.00 -27300.0000 31870.0000 -4064.0000 
2015 8 9 11 42 56.00 -27300.0000 31870.0000 -4093.0000 
2015 8 9 11 44 22.00 -27290.0000 31870.0000 -4123.0000 
2015 8 9 11 45 48.00 -27290.0000 31870.0000 -4151.0000 
2015 8 9 11 47 14.00 -27290.0000 31870.0000 -4183.0000 
2015 8 9 11 48 40.00 -27290.0000 31860.0000 -4215.0000 
2015 8 9 11 50 6.00 -27290.0000 31860.0000 -4242.0000 
2015 8 9 11 51 32.00 -27280.0000 31860.0000 -4277.0000 
2015 8 9 11 52 58.00 -27280.0000 31860.0000 -4304.0000 
2015 8 9 11 54 24.00 -27280.0000 31860.0000 -4332.0000 
2015 8 9 11 55 50.00 -27280.0000 31850.0000 -4363.0000 
2015 8 9 11 57 16.00 -27270.0000 31850.0000 -4393.0000 
2015 8 9 11 58 42.00 -27270.0000 31850.0000 -4421.0000 
2015 8 9 12 0 8.00 -27270.0000 31850.0000 -4448.0000 
2015 8 9 12 1 34.00 -27270.0000 31840.0000 -4482.0000 
2015 8 9 12 3 0.00 -27270.0000 31840.0000 -4508.0000 
2015 8 9 12 4 26.00 -27260.0000 31840.0000 -4534.0000 
2015 8 9 12 5 52.00 -27260.0000 31840.0000 -4568.0000 
2015 8 9 12 7 18.00 -27260.0000 31830.0000 -4594.0000 
2015 8 9 12 8 44.00 -27260.0000 31830.0000 -4623.0000 
2015 8 9 12 10 10.00 -27260.0000 31830.0000 -4653.0000 
2015 8 9 12 11 36.00 -27250.0000 31830.0000 -4679.0000 
2015 8 9 12 13 2.00 -27250.0000 31820.0000 -4707.0000 
2015 8 9 12 14 28.00 -27250.0000 31820.0000 -4733.0000 
2015 8 9 12 15 54.00 -27250.0000 31820.0000 -4761.0000 
2015 8 9 12 17 20.00 -27250.0000 31820.0000 -4789.0000 
2015 8 9 12 18 46.00 -27250.0000 31820.0000 -4808.0000 
2015 8 9 12 20 12.00 -27240.0000 31810.0000 -4841.0000 
2015 8 9 12 21 38.00 -27240.0000 31810.0000 -4866.0000 
2015 8 9 12 23 4.00 -27240.0000 31810.0000 -4890.0000 
2015 8 9 12 24 30.00 -27240.0000 31800.0000 -4917.0000 
2015 8 9 12 25 56.00 -27240.0000 31800.0000 -4941.0000 
2015 8 9 12 27 22.00 -27240.0000 31800.0000 -4969.0000 
2015 8 9 12 28 48.00 -27230.0000 31800.0000 -4990.0000 
2015 8 9 12 30 15.00 -27230.0000 31790.0000 -5017.0000 
2015 8 9 12 31 41.00 -27230.0000 31790.0000 -5042.0000 
2015 8 9 12 33 7.00 -27230.0000 31790.0000 -5065.0000 
2015 8 9 12 34 33.00 -27230.0000 31790.0000 -5090.0000 
2015 8 9 12 35 58.00 -27230.0000 31780.0000 -5113.0000 
2015 8 9 12 37 24.00 -27230.0000 31780.0000 -5139.0000 
2015 8 9 12 38 50.00 -27220.0000 31780.0000 -5163.0000 
2015 8 9 12 40 16.00 -27220.0000 31770.0000 -5186.0000 
2015 8 9 12 41 42.00 -27220.0000 31770.0000 -5210.0000 
2015 8 9 12 43 9.00 -27220.0000 31770.0000 -5231.0000 
2015 8 9 12 44 35.00 -27220.0000 31770.0000 -5255.0000 
2015 8 9 12 46 1.00 -27220.0000 31760.0000 -5279.0000 
2015 8 9 12 47 27.00 -27220.0000 31760.0000 -5300.0000 
2015 8 9 12 48 53.00 -27220.0000 31760.0000 -5324.0000 
2015 8 9 12 50 19.00 -27220.0000 31750.0000 -5344.0000 
2015 8 9 12 51 45.00 -27220.0000 31750.0000 -5367.0000 
2015 8 9 12 53 11.00 -27210.0000 31750.0000 -5390.0000 
2015 8 9 12 54 37.00 -27210.0000 31740.0000 -5410.0000 
2015 8 9 12 56 3.00 -27210.0000 31740.0000 -5432.0000 
2015 8 9 12 57 29.00 -27210.0000 31740.0000 -5452.0000 
2015 8 9 12 58 55.00 -27210.0000 31740.0000 -5477.0000 
2015 8 9 13 0 21.00 -27210.0000 31730.0000 -5499.0000 
2015 8 9 13 1 47.00 -27210.0000 31730.0000 -5518.0000 
2015 8 9 13 3 13.00 -27210.0000 31730.0000 -5538.0000 
2015 8 9 13 4 39.00 -27210.0000 31720.0000 -5556.0000 
2015 8 9 13 6 5.00 -27210.0000 31720.0000 -5577.0000 
2015 8 9 13 7 31.00 -27210.0000 31720.0000 -5599.0000 
2015 8 9 13 8 57.00 -27210.0000 31710.0000 -5617.0000 
2015 8 9 13 10 23.00 -27210.0000 31710.0000 -5636.0000 
2015 8 9 13 11 49.00 -27210.0000 31710.0000 -5653.0000 
2015 8 9 13 13 15.00 -27210.0000 31700.0000 -5673.0000 
2015 8 9 13 14 41.00 -27210.0000 31700.0000 -5692.0000 
2015 8 9 13 16 7.00 -27210.0000 31700.0000 -5710.0000 
2015 8 9 13 17 33.00 -27210.0000 31700.0000 -5728.0000 
2015 8 9 13 18 59.00 -27210.0000 31690.0000 -5747.0000 
2015 8 9 13 20 25.00 -27210.0000 31690.0000 -5763.0000 
2015 8 9 13 21 51.00 -27210.0000 31690.0000 -5781.0000 
2015 8 9 13 23 17.00 -27210.0000 31680.0000 -5797.0000 
2015 8 9 13 24 43.00 -27210.0000 31680.0000 -5815.0000 
2015 8 9 13 26 9.00 -27210.0000 31680.0000 -5830.0000 
2015 8 9 13 27 35.00 -27210.0000 31670.0000 -5848.0000 
2015 8 9 13 29 1.00 -27210.0000 31670.0000 -5865.0000 
2015 8 9 13 30 27.00 -27210.0000 31670.0000 -5880.0000 
2015 8 9 13 31 53.00 -27210.0000 31660.0000 -5896.0000 
2015 8 9 13 33 19.00 -27210.0000 31660.0000 -5910.0000 
2015 8 9 13 34 45.00 -27210.0000 31660.0000 -5929.0000 
2015 8 9 13 36 11.00 -27210.0000 31660.0000 -5942.0000 
2015 8 9 13 37 37.00 -27210.0000 31650.0000 -5958.0000 
2015 8 9 13 39 3.00 -27210.0000 31650.0000 -5974.0000 
2015 8 9 13 40 29.00 -27210.0000 31650.0000 -5987.0000 
2015 8 9 13 41 55.00 -27210.0000 31640.0000 -6002.0000 
2015 8 9 13 43 21.00 -27210.0000 31640.0000 -6016.0000 
2015 8 9 13 44 47.00 -27210.0000 31640.0000 -6029.0000 
2015 8 9 13 46 13.00 -27210.0000 31630.0000 -6043.0000 
2015 8 9 13 47 39.00 -27210.0000 31630.0000 -6055.0000 
2015 8 9 13 49 5.00 -27210.0000 31630.0000 -6068.0000 
2015 8 9 13 50 31.00 -27210.0000 31620.0000 -6082.0000 
2015 8 9 13 51 57.00 -27210.0000 31620.0000 -6093.0000 
2015 8 9 13 53 23.00 -27210.0000 31620.0000 -6106.0000 
2015 8 9 13 54 49.00 -27210.0000 31620.0000 -6119.0000 
2015 8 9 13 56 15.00 -27210.0000 31610.0000 -6129.0000 
2015 8 9 13 57 41.00 -27220.0000 31610.0000 -6141.0000 
2015 8 9 13 59 8.00 -27220.0000 31610.0000 -6152.0000 
2015 8 9 14 0 33.00 -27220.0000 31600.0000 -6163.0000 
2015 8 9 14 1 59.00 -27220.0000 31600.0000 -6173.0000 
2015 8 9 14 3 25.00 -27220.0000 31600.0000 -6184.0000 
2015 8 9 14 4 51.00 -27220.0000 31590.0000 -6195.0000 
2015 8 9 14 6 17.00 -27220.0000 31590.0000 -6204.0000 
2015 8 9 14 7 43.00 -27220.0000 31590.0000 -6215.0000 
2015 8 9 14 9 9.00 -27220.0000 31590.0000 -6224.0000 
2015 8 9 14 10 36.00 -27220.0000 31580.0000 -6235.0000 
2015 8 9 14 12 2.00 -27230.0000 31580.0000 -6243.0000 
2015 8 9 14 13 28.00 -27230.0000 31580.0000 -6251.0000 
2015 8 9 14 14 54.00 -27230.0000 31570.0000 -6262.0000 
2015 8 9 14 16 20.00 -27230.0000 31570.0000 -6269.0000 
2015 8 9 14 17 46.00 -27230.0000 31570.0000 -6278.0000 
2015 8 9 14 19 12.00 -27230.0000 31570.0000 -6286.0000 
2015 8 9 14 20 38.00 -27230.0000 31560.0000 -6293.0000 
2015 8 9 14 22 3.00 -27240.0000 31560.0000 -6301.0000 
2015 8 9 14 23 30.00 -27240.0000 31560.0000 -6307.0000 
2015 8 9 14 24 56.00 -27240.0000 31550.0000 -6315.0000 
2015 8 9 14 26 22.00 -27240.0000 31550.0000 -6322.0000 
2015 8 9 14 27 48.00 -27240.0000 31550.0000 -6327.0000 
2015 8 9 14 29 14.00 -27240.0000 31550.0000 -6334.0000 
2015 8 9 14 30 40.00 -27250.0000 31540.0000 -6340.0000 
2015 8 9 14 32 6.00 -27250.0000 31540.0000 -6345.0000 
2015 8 9 14 33 32.00 -27250.0000 31540.0000 -6350.0000 
2015 8 9 14 34 58.00 -27250.0000 31540.0000 -6356.0000 
2015 8 9 14 36 24.00 -27250.0000 31530.0000 -6360.0000 
2015 8 9 14 37 50.00 -27250.0000 31530.0000 -6365.0000 
2015 8 9 14 39 16.00 -27260.0000 31530.0000 -6369.0000 
2015 8 9 14 40 42.00 -27260.0000 31530.0000 -6373.0000 
2015 8 9 14 42 8.00 -27260.0000 31520.0000 -6377.0000 
2015 8 9 14 43 34.00 -27260.0000 31520.0000 -6381.0000 
2015 8 9 14 45 0.00 -27260.0000 31520.0000 -6385.0000 
2015 8 9 14 46 26.00 -27270.0000 31520.0000 -6387.0000 
2015 8 9 14 47 52.00 -27270.0000 31510.0000 -6391.0000 
2015 8 9 14 49 18.00 -27270.0000 31510.0000 -6393.0000 
2015 8 9 14 50 44.00 -27270.0000 31510.0000 -6395.0000 
2015 8 9 14 52 10.00 -27270.0000 31510.0000 -6398.0000 
2015 8 9 14 53 36.00 -27280.0000 31510.0000 -6399.0000 
2015 8 9 14 55 2.00 -27280.0000 31500.0000 -6401.0000 
2015 8 9 14 56 28.00 -27280.0000 31500.0000 -6402.0000 
2015 8 9 14 57 54.00 -27280.0000 31500.0000 -6404.0000 
2015 8 9 14 59 20.00 -27280.0000 31500.0000 -6404.0000 
2015 8 9 15 0 46.00 -27290.0000 31490.0000 -6405.0000 
2015 8 9 15 2 12.00 -27290.0000 31490.0000 -6405.0000 
2015 8 9 15 3 38.00 -27290.0000 31490.0000 -6405.0000 
2015 8 9 15 5 4.00 -27290.0000 31490.0000 -6405.0000 
2015 8 9 15 6 30.00 -27300.0000 31490.0000 -6405.0000 
2015 8 9 15 7 56.00 -27300.0000 31480.0000 -6404.0000 
2015 8 9 15 9 22.00 -27300.0000 31480.0000 -6403.0000 
2015 8 9 15 10 48.00 -27300.0000 31480.0000 -6402.0000 
2015 8 9 15 12 14.00 -27310.0000 31480.0000 -6401.0000 
2015 8 9 15 13 40.00 -27310.0000 31480.0000 -6399.0000 
2015 8 9 15 15 6.00 -27310.0000 31470.0000 -6397.0000 
2015 8 9 15 16 32.00 -27310.0000 31470.0000 -6395.0000 
2015 8 9 15 17 58.00 -27320.0000 31470.0000 -6393.0000 
2015 8 9 15 19 24.00 -27320.0000 31470.0000 -6390.0000 
2015 8 9 15 20 50.00 -27320.0000 31470.0000 -6387.0000 
2015 8 9 15 22 16.00 -27320.0000 31470.0000 -6384.0000 
2015 8 9 15 23 42.00 -27330.0000 31460.0000 -6380.0000 
2015 8 9 15 25 8.00 -27330.0000 31460.0000 -6377.0000 
2015 8 9 15 26 34.00 -27330.0000 31460.0000 -6373.0000 
2015 8 9 15 28 0.00 -27340.0000 31460.0000 -6369.0000 
2015 8 9 15 29 26.00 -27340.0000 31460.0000 -6365.0000 
2015 8 9 15 30 52.00 -27340.0000 31460.0000 -6360.0000 
2015 8 9 15 32 18.00 -27340.0000 31460.0000 -6355.0000 
2015 8 9 15 33 44.00 -27350.0000 31450.0000 -6350.0000 
2015 8 9 15 35 10.00 -27350.0000 31450.0000 -6344.0000 
2015 8 9 15 36 36.00 -27350.0000 31450.0000 -6339.0000 
2015 8 9 15 38 3.00 -27350.0000 31450.0000 -6333.0000 
2015 8 9 15 39 29.00 -27360.0000 31450.0000 -6327.0000 
2015 8 9 15 40 55.00 -27360.0000 31450.0000 -6320.0000 
2015 8 9 15 42 21.00 -27360.0000 31450.0000 -6313.0000 
2015 8 9 15 43 47.00 -27370.0000 31450.0000 -6306.0000 
2015 8 9 15 45 12.00 -27370.0000 31440.0000 -6299.0000 
2015 8 9 15 46 38.00 -27370.0000 31440.0000 -6292.0000 
2015 8 9 15 48 4.00 -27380.0000 31440.0000 -6284.0000 
2015 8 9 15 49 30.00 -27380.0000 31440.0000 -6275.0000 
2015 8 9 15 50 57.00 -27380.0000 31440.0000 -6268.0000 
2015 8 9 15 52 23.00 -27380.0000 31440.0000 -6259.0000 
2015 8 9 15 53 49.00 -27390.0000 31440.0000 -6251.0000 
2015 8 9 15 55 15.00 -27390.0000 31440.0000 -6242.0000 
2015 8 9 15 56 41.00 -27390.0000 31440.0000 -6233.0000 
2015 8 9 15 58 7.00 -27400.0000 31440.0000 -6224.0000 
2015 8 9 15 59 33.00 -27400.0000 31440.0000 -6214.0000 
2015 8 9 16 0 59.00 -27400.0000 31440.0000 -6205.0000 
2015 8 9 16 2 25.00 -27400.0000 31430.0000 -6194.0000 
2015 8 9 16 3 51.00 -27410.0000 31430.0000 -6184.0000 
2015 8 9 16 5 17.00 -27410.0000 31430.0000 -6174.0000 
2015 8 9 16 6 43.00 -27410.0000 31430.0000 -6161.0000 
2015 8 9 16 8 9.00 -27420.0000 31430.0000 -6151.0000 
2015 8 9 16 9 35.00 -27420.0000 31430.0000 -6139.0000 
2015 8 9 16 11 1.00 -27420.0000 31430.0000 -6127.0000 
2015 8 9 16 12 27.00 -27430.0000 31430.0000 -6116.0000 
2015 8 9 16 13 53.00 -27430.0000 31430.0000 -6103.0000 
2015 8 9 16 15 19.00 -27430.0000 31430.0000 -6092.0000 
2015 8 9 16 16 45.00 -27440.0000 31430.0000 -6079.0000 
2015 8 9 16 18 11.00 -27440.0000 31430.0000 -6065.0000 
2015 8 9 16 19 37.00 -27440.0000 31430.0000 -6053.0000 
2015 8 9 16 21 3.00 -27450.0000 31430.0000 -6039.0000 
2015 8 9 16 22 29.00 -27450.0000 31430.0000 -6025.0000 
2015 8 9 16 23 55.00 -27450.0000 31430.0000 -6012.0000 
2015 8 9 16 25 21.00 -27450.0000 31430.0000 -5998.0000 
2015 8 9 16 26 47.00 -27460.0000 31430.0000 -5984.0000 
2015 8 9 16 28 13.00 -27460.0000 31430.0000 -5969.0000 
2015 8 9 16 29 39.00 -27460.0000 31430.0000 -5956.0000 
2015 8 9 16 31 5.00 -27470.0000 31430.0000 -5940.0000 
2015 8 9 16 32 31.00 -27470.0000 31430.0000 -5924.0000 
2015 8 9 16 33 57.00 -27470.0000 31430.0000 -5911.0000 
2015 8 9 16 35 23.00 -27480.0000 31430.0000 -5894.0000 
2015 8 9 16 36 49.00 -27480.0000 31430.0000 -5881.0000 
2015 8 9 16 38 15.00 -27480.0000 31430.0000 -5862.0000 
2015 8 9 16 39 41.00 -27490.0000 31430.0000 -5845.0000 
2015 8 9 16 41 7.00 -27490.0000 31430.0000 -5830.0000 
2015 8 9 16 42 33.00 -27490.0000 31430.0000 -5813.0000 
2015 8 9 16 43 59.00 -27490.0000 31430.0000 -5796.0000 
2015 8 9 16 45 25.00 -27500.0000 31430.0000 -5780.0000 
2015 8 9 16 46 51.00 -27500.0000 31430.0000 -5760.0000 
2015 8 9 16 48 17.00 -27500.0000 31430.0000 -5743.0000 
2015 8 9 16 49 43.00 -27510.0000 31430.0000 -5724.0000 
2015 8 9 16 51 9.00 -27510.0000 31430.0000 -5708.0000 
2015 8 9 16 52 35.00 -27510.0000 31440.0000 -5688.0000 
2015 8 9 16 54 1.00 -27520.0000 31440.0000 -5669.0000 
2015 8 9 16 55 27.00 -27520.0000 31440.0000 -5651.0000 
2015 8 9 16 56 53.00 -27520.0000 31440.0000 -5632.0000 
2015 8 9 16 58 19.00 -27520.0000 31440.0000 -5614.0000 
2015 8 9 16 59 45.00 -27530.0000 31440.0000 -5593.0000 
2015 8 9 17 1 11.00 -27530.0000 31440.0000 -5573.0000 
2015 8 9 17 2 37.00 -27530.0000 31440.0000 -5554.0000 
2015 8 9 17 4 3.00 -27540.0000 31440.0000 -5533.0000 
2015 8 9 17 5 30.00 -27540.0000 31440.0000 -5514.0000 
2015 8 9 17 6 56.00 -27540.0000 31440.0000 -5493.0000 
2015 8 9 17 8 22.00 -27550.0000 31450.0000 -5471.0000 
2015 8 9 17 9 47.00 -27550.0000 31450.0000 -5451.0000 
2015 8 9 17 11 13.00 -27550.0000 31450.0000 -5429.0000 
2015 8 9 17 12 39.00 -27550.0000 31450.0000 -5409.0000 
2015 8 9 17 14 5.00 -27560.0000 31450.0000 -5387.0000 
2015 8 9 17 15 31.00 -27560.0000 31450.0000 -5364.0000 
2015 8 9 17 16 57.00 -27560.0000 31450.0000 -5346.0000 
2015 8 9 17 18 24.00 -27570.0000 31450.0000 -5320.0000 
2015 8 9 17 19 50.00 -27570.0000 31460.0000 -5302.0000 
2015 8 9 17 21 16.00 -27570.0000 31460.0000 -5278.0000 
2015 8 9 17 22 42.00 -27570.0000 31460.0000 -5251.0000 
2015 8 9 17 24 8.00 -27580.0000 31460.0000 -5233.0000 
2015 8 9 17 25 34.00 -27580.0000 31460.0000 -5208.0000 
2015 8 9 17 27 0.00 -27580.0000 31460.0000 -5187.0000 
2015 8 9 17 28 26.00 -27580.0000 31460.0000 -5159.0000 
2015 8 9 17 29 52.00 -27590.0000 31470.0000 -5134.0000 
2015 8 9 17 31 18.00 -27590.0000 31470.0000 -5111.0000 
2015 8 9 17 32 44.00 -27590.0000 31470.0000 -5086.0000 
2015 8 9 17 34 10.00 -27590.0000 31470.0000 -5060.0000 
2015 8 9 17 35 36.00 -27600.0000 31470.0000 -5037.0000 
2015 8 9 17 37 2.00 -27600.0000 31470.0000 -5011.0000 
2015 8 9 17 38 28.00 -27600.0000 31480.0000 -4988.0000 
2015 8 9 17 39 54.00 -27600.0000 31480.0000 -4961.0000 
2015 8 9 17 41 20.00 -27610.0000 31480.0000 -4935.0000 
2015 8 9 17 42 46.00 -27610.0000 31480.0000 -4911.0000 
2015 8 9 17 44 12.00 -27610.0000 31480.0000 -4883.0000 
2015 8 9 17 45 38.00 -27610.0000 31490.0000 -4859.0000 
2015 8 9 17 47 4.00 -27620.0000 31490.0000 -4832.0000 
2015 8 9 17 48 30.00 -27620.0000 31490.0000 -4804.0000 
2015 8 9 17 49 56.00 -27620.0000 31490.0000 -4779.0000 
2015 8 9 17 51 22.00 -27620.0000 31490.0000 -4751.0000 
2015 8 9 17 52 48.00 -27630.0000 31500.0000 -4726.0000 
2015 8 9 17 54 14.00 -27630.0000 31500.0000 -4697.0000 
2015 8 9 17 55 40.00 -27630.0000 31500.0000 -4669.0000 
2015 8 9 17 57 6.00 -27630.0000 31500.0000 -4643.0000 
2015 8 9 17 58 32.00 -27630.0000 31500.0000 -4614.0000 
2015 8 9 17 59 58.00 -27640.0000 31510.0000 -4588.0000 
2015 8 9 18 1 24.00 -27640.0000 31510.0000 -4558.0000 
2015 8 9 18 2 50.00 -27640.0000 31510.0000 -4532.0000 
2015 8 9 18 4 16.00 -27640.0000 31510.0000 -4506.0000 
2015 8 9 18 5 42.00 -27640.0000 31520.0000 -4476.0000 
2015 8 9 18 7 8.00 -27650.0000 31520.0000 -4449.0000 
2015 8 9 18 8 34.00 -27650.0000 31520.0000 -4419.0000 
2015 8 9 18 10 0.00 -27650.0000 31520.0000 -4384.0000 
2015 8 9 18 11 26.00 -27650.0000 31530.0000 -4362.0000 
2015 8 9 18 12 52.00 -27650.0000 31530.0000 -4326.0000 
2015 8 9 18 14 18.00 -27660.0000 31530.0000 -4299.0000 
2015 8 9 18 15 44.00 -27660.0000 31530.0000 -4267.0000 
2015 8 9 18 17 10.00 -27660.0000 31540.0000 -4236.0000 
2015 8 9 18 18 36.00 -27660.0000 31540.0000 -4208.0000 
2015 8 9 18 20 2.00 -27660.0000 31540.0000 -4176.0000 
2015 8 9 18 21 28.00 -27660.0000 31540.0000 -4147.0000 
2015 8 9 18 22 54.00 -27670.0000 31550.0000 -4115.0000 
2015 8 9 18 24 20.00 -27670.0000 31550.0000 -4083.0000 
2015 8 9 18 25 46.00 -27670.0000 31550.0000 -4054.0000 
2015 8 9 18 27 12.00 -27670.0000 31550.0000 -4021.0000 
2015 8 9 18 28 38.00 -27670.0000 31560.0000 -3996.0000 
2015 8 9 18 30 4.00 -27670.0000 31560.0000 -3965.0000 
2015 8 9 18 31 30.00 -27680.0000 31560.0000 -3932.0000 
2015 8 9 18 32 56.00 -27680.0000 31560.0000 -3903.0000 
2015 8 9 18 34 22.00 -27680.0000 31570.0000 -3870.0000 
2015 8 9 18 35 48.00 -27680.0000 31570.0000 -3840.0000 
2015 8 9 18 37 14.00 -27680.0000 31570.0000 -3807.0000 
2015 8 9 18 38 40.00 -27680.0000 31580.0000 -3770.0000 
2015 8 9 18 40 6.00 -27680.0000 31580.0000 -3742.0000 
2015 8 9 18 41 32.00 -27680.0000 31580.0000 -3705.0000 
2015 8 9 18 42 58.00 -27690.0000 31580.0000 -3678.0000 
2015 8 9 18 44 24.00 -27690.0000 31590.0000 -3644.0000 
2015 8 9 18 45 50.00 -27690.0000 31590.0000 -3607.0000 
2015 8 9 18 47 17.00 -27690.0000 31590.0000 -3573.0000 
2015 8 9 18 48 43.00 -27690.0000 31600.0000 -3539.0000 
2015 8 9 18 50 9.00 -27690.0000 31600.0000 -3509.0000 
2015 8 9 18 51 35.00 -27690.0000 31600.0000 -3473.0000 
2015 8 9 18 53 1.00 -27690.0000 31600.0000 -3438.0000 
2015 8 9 18 54 27.00 -27690.0000 31610.0000 -3406.0000 
2015 8 9 18 55 52.00 -27690.0000 31610.0000 -3371.0000 
2015 8 9 18 57 18.00 -27700.0000 31610.0000 -3337.0000 
2015 8 9 18 58 44.00 -27700.0000 31620.0000 -3301.0000 
2015 8 9 19 0 11.00 -27700.0000 31620.0000 -3268.0000 
2015 8 9 19 1 37.00 -27700.0000 31620.0000 -3235.0000 
2015 8 9 19 3 3.00 -27700.0000 31630.0000 -3199.0000 
2015 8 9 19 4 29.00 -27700.0000 31630.0000 -3163.0000 
2015 8 9 19 5 55.00 -27700.0000 31630.0000 -3131.0000 
2015 8 9 19 7 21.00 -27700.0000 31630.0000 -3094.0000 
2015 8 9 19 8 47.00 -27700.0000 31640.0000 -3061.0000 
2015 8 9 19 10 13.00 -27700.0000 31640.0000 -3024.0000 
2015 8 9 19 11 39.00 -27700.0000 31640.0000 -2991.0000 
2015 8 9 19 13 5.00 -27700.0000 31650.0000 -2951.0000 
2015 8 9 19 14 31.00 -27700.0000 31650.0000 -2917.0000 
2015 8 9 19 15 57.00 -27700.0000 31650.0000 -2884.0000 
2015 8 9 19 17 23.00 -27700.0000 31660.0000 -2847.0000 
2015 8 9 19 18 49.00 -27700.0000 31660.0000 -2808.0000 
2015 8 9 19 20 15.00 -27700.0000 31660.0000 -2772.0000 
2015 8 9 19 21 41.00 -27700.0000 31660.0000 -2732.0000 
2015 8 9 19 23 7.00 -27700.0000 31670.0000 -2699.0000 
2015 8 9 19 24 33.00 -27700.0000 31670.0000 -2660.0000 
2015 8 9 19 25 59.00 -27700.0000 31670.0000 -2626.0000 
2015 8 9 19 27 25.00 -27700.0000 31680.0000 -2591.0000 
2015 8 9 19 28 51.00 -27700.0000 31680.0000 -2549.0000 
2015 8 9 19 30 17.00 -27700.0000 31680.0000 -2515.0000 
2015 8 9 19 31 43.00 -27700.0000 31690.0000 -2479.0000 
2015 8 9 19 33 9.00 -27700.0000 31690.0000 -2441.0000 
2015 8 9 19 34 35.00 -27700.0000 31690.0000 -2402.0000 
2015 8 9 19 36 1.00 -27700.0000 31700.0000 -2367.0000 
2015 8 9 19 37 27.00 -27700.0000 31700.0000 -2329.0000 
2015 8 9 19 38 53.00 -27700.0000 31700.0000 -2293.0000 
2015 8 9 19 40 19.00 -27700.0000 31700.0000 -2254.0000 
2015 8 9 19 41 45.00 -27700.0000 31710.0000 -2218.0000 
2015 8 9 19 43 11.00 -27700.0000 31710.0000 -2179.0000 
2015 8 9 19 44 37.00 -27700.0000 31710.0000 -2144.0000 
2015 8 9 19 46 3.00 -27700.0000 31720.0000 -2105.0000 
2015 8 9 19 47 29.00 -27700.0000 31720.0000 -2069.0000 
2015 8 9 19 48 55.00 -27700.0000 31720.0000 -2030.0000 
2015 8 9 19 50 21.00 -27700.0000 31730.0000 -1990.0000 
2015 8 9 19 51 47.00 -27700.0000 31730.0000 -1954.0000 
2015 8 9 19 53 13.00 -27700.0000 31730.0000 -1910.0000 
2015 8 9 19 54 39.00 -27700.0000 31730.0000 -1879.0000 
2015 8 9 19 56 5.00 -27690.0000 31740.0000 -1833.0000 
2015 8 9 19 57 31.00 -27690.0000 31740.0000 -1792.0000 
2015 8 9 19 58 57.00 -27690.0000 31740.0000 -1756.0000 
2015 8 9 20 0 23.00 -27690.0000 31750.0000 -1716.0000 
2015 8 9 20 1 49.00 -27690.0000 31750.0000 -1680.0000 
2015 8 9 20 3 15.00 -27690.0000 31750.0000 -1639.0000 
2015 8 9 20 4 41.00 -27690.0000 31750.0000 -1599.0000 
2015 8 9 20 6 7.00 -27690.0000 31760.0000 -1562.0000 
2015 8 9 20 7 33.00 -27690.0000 31760.0000 -1520.0000 
2015 8 9 20 8 59.00 -27690.0000 31760.0000 -1484.0000 
2015 8 9 20 10 25.00 -27680.0000 31770.0000 -1443.0000 
2015 8 9 20 11 51.00 -27680.0000 31770.0000 -1407.0000 
2015 8 9 20 13 17.00 -27680.0000 31770.0000 -1366.0000 
2015 8 9 20 14 44.00 -27680.0000 31770.0000 -1324.0000 
2015 8 9 20 16 10.00 -27680.0000 31780.0000 -1290.0000 
2015 8 9 20 17 36.00 -27680.0000 31780.0000 -1247.0000 
2015 8 9 20 19 2.00 -27680.0000 31780.0000 -1205.0000 
2015 8 9 20 20 27.00 -27680.0000 31780.0000 -1176.0000 
2015 8 9 20 21 53.00 -27670.0000 31790.0000 -1130.0000 
2015 8 9 20 23 19.00 -27670.0000 31790.0000 -1098.0000 
2015 8 9 20 24 45.00 -27670.0000 31790.0000 -1056.0000 
2015 8 9 20 26 11.00 -27670.0000 31800.0000 -1015.0000 
2015 8 9 20 27 38.00 -27670.0000 31800.0000 -973.9000 
2015 8 9 20 29 4.00 -27670.0000 31800.0000 -932.9000 
2015 8 9 20 30 30.00 -27660.0000 31800.0000 -895.1000 
2015 8 9 20 31 56.00 -27660.0000 31810.0000 -854.5000 
2015 8 9 20 33 22.00 -27660.0000 31810.0000 -816.5000 
2015 8 9 20 34 48.00 -27660.0000 31810.0000 -779.0000 
2015 8 9 20 36 14.00 -27660.0000 31810.0000 -731.6000 
2015 8 9 20 37 40.00 -27660.0000 31820.0000 -689.9000 
2015 8 9 20 39 6.00 -27650.0000 31820.0000 -652.2000 
2015 8 9 20 40 32.00 -27650.0000 31820.0000 -610.4000 
2015 8 9 20 41 58.00 -27650.0000 31820.0000 -573.2000 
2015 8 9 20 43 24.00 -27650.0000 31830.0000 -531.3000 
2015 8 9 20 44 50.00 -27650.0000 31830.0000 -489.4000 
2015 8 9 20 46 16.00 -27640.0000 31830.0000 -452.1000 
2015 8 9 20 47 42.00 -27640.0000 31830.0000 -410.1000 
2015 8 9 20 49 8.00 -27640.0000 31830.0000 -372.8000 
2015 8 9 20 50 34.00 -27640.0000 31840.0000 -330.8000 
2015 8 9 20 52 0.00 -27640.0000 31840.0000 -287.9000 
2015 8 9 20 53 26.00 -27630.0000 31840.0000 -256.2000 
2015 8 9 20 54 52.00 -27630.0000 31840.0000 -208.6000 
2015 8 9 20 56 18.00 -27630.0000 31850.0000 -172.7000 
2015 8 9 20 57 44.00 -27630.0000 31850.0000 -130.7000 
2015 8 9 20 59 10.00 -27630.0000 31850.0000 -92.5200 
2015 8 9 21 0 36.00 -27620.0000 31850.0000 -55.6100 
2015 8 9 21 2 2.00 -27620.0000 31850.0000 -13.7100 
2015 8 9 21 3 28.00 -27620.0000 31860.0000 23.5700 
2015 8 9 21 4 54.00 -27620.0000 31860.0000 65.4100 
2015 8 9 21 6 20.00 -27610.0000 31860.0000 108.2000 
2015 8 9 21 7 46.00 -27610.0000 31860.0000 145.2000 
2015 8 9 21 9 12.00 -27610.0000 31860.0000 187.0000 
2015 8 9 21 10 38.00 -27610.0000 31870.0000 224.1000 
2015 8 9 21 12 4.00 -27600.0000 31870.0000 266.0000 
2015 8 9 21 13 30.00 -27600.0000 31870.0000 313.1000 
2015 8 9 21 14 56.00 -27600.0000 31870.0000 345.2000 
2015 8 9 21 16 22.00 -27600.0000 31870.0000 392.4000 
2015 8 9 21 17 48.00 -27590.0000 31870.0000 429.7000 
2015 8 9 21 19 14.00 -27590.0000 31880.0000 471.7000 
2015 8 9 21 20 40.00 -27590.0000 31880.0000 513.6000 
2015 8 9 21 22 6.00 -27590.0000 31880.0000 550.8000 
2015 8 9 21 23 32.00 -27580.0000 31880.0000 592.7000 
2015 8 9 21 24 58.00 -27580.0000 31880.0000 629.9000 
2015 8 9 21 26 24.00 -27580.0000 31880.0000 671.8000 
2015 8 9 21 27 50.00 -27580.0000 31890.0000 713.6000 
2015 8 9 21 29 16.00 -27570.0000 31890.0000 750.7000 
2015 8 9 21 30 42.00 -27570.0000 31890.0000 792.4000 
2015 8 9 21 32 8.00 -27570.0000 31890.0000 829.5000 
2015 8 9 21 33 34.00 -27570.0000 31890.0000 871.7000 
2015 8 9 21 35 0.00 -27560.0000 31890.0000 913.3000 
2015 8 9 21 36 26.00 -27560.0000 31890.0000 946.2000 
2015 8 9 21 37 52.00 -27560.0000 31890.0000 987.8000 
2015 8 9 21 39 18.00 -27550.0000 31900.0000 1026.0000 
2015 8 9 21 40 44.00 -27550.0000 31900.0000 1069.0000 
2015 8 9 21 42 11.00 -27550.0000 31900.0000 1113.0000 
2015 8 9 21 43 37.00 -27550.0000 31900.0000 1149.0000 
2015 8 9 21 45 2.00 -27540.0000 31900.0000 1191.0000 
2015 8 9 21 46 28.00 -27540.0000 31900.0000 1227.0000 
2015 8 9 21 47 54.00 -27540.0000 31900.0000 1269.0000 
2015 8 9 21 49 20.00 -27530.0000 31900.0000 1310.0000 
2015 8 9 21 50 46.00 -27530.0000 31900.0000 1346.0000 
2015 8 9 21 52 12.00 -27530.0000 31900.0000 1387.0000 
2015 8 9 21 53 38.00 -27530.0000 31910.0000 1424.0000 
2015 8 9 21 55 5.00 -27520.0000 31910.0000 1465.0000 
2015 8 9 21 56 31.00 -27520.0000 31910.0000 1506.0000 
2015 8 9 21 57 57.00 -27520.0000 31910.0000 1542.0000 
2015 8 9 21 59 23.00 -27510.0000 31910.0000 1583.0000 
2015 8 9 22 0 49.00 -27510.0000 31910.0000 1619.0000 
2015 8 9 22 2 15.00 -27510.0000 31910.0000 1660.0000 
2015 8 9 22 3 41.00 -27500.0000 31910.0000 1700.0000 
2015 8 9 22 5 7.00 -27500.0000 31910.0000 1736.0000 
2015 8 9 22 6 33.00 -27500.0000 31910.0000 1769.0000 
2015 8 9 22 7 59.00 -27500.0000 31910.0000 1805.0000 
2015 8 9 22 9 25.00 -27490.0000 31910.0000 1845.0000 
2015 8 9 22 10 51.00 -27490.0000 31910.0000 1885.0000 
2015 8 9 22 12 17.00 -27490.0000 31910.0000 1921.0000 
2015 8 9 22 13 43.00 -27480.0000 31910.0000 1960.0000 
2015 8 9 22 15 9.00 -27480.0000 31910.0000 2001.0000 
2015 8 9 22 16 35.00 -27480.0000 31910.0000 2036.0000 
2015 8 9 22 18 1.00 -27470.0000 31910.0000 2081.0000 
2015 8 9 22 19 27.00 -27470.0000 31910.0000 2115.0000 
2015 8 9 22 20 53.00 -27470.0000 31910.0000 2156.0000 
2015 8 9 22 22 19.00 -27470.0000 31910.0000 2191.0000 
2015 8 9 22 23 45.00 -27460.0000 31910.0000 2229.0000 
2015 8 9 22 25 11.00 -27460.0000 31910.0000 2270.0000 
2015 8 9 22 26 37.00 -27460.0000 31910.0000 2303.0000 
2015 8 9 22 28 3.00 -27450.0000 31910.0000 2342.0000 
2015 8 9 22 29 29.00 -27450.0000 31910.0000 2377.0000 
2015 8 9 22 30 55.00 -27450.0000 31910.0000 2416.0000 
2015 8 9 22 32 21.00 -27440.0000 31910.0000 2454.0000 
2015 8 9 22 33 47.00 -27440.0000 31910.0000 2488.0000 
2015 8 9 22 35 13.00 -27440.0000 31910.0000 2527.0000 
2015 8 9 22 36 39.00 -27440.0000 31910.0000 2566.0000 
2015 8 9 22 38 5.00 -27430.0000 31910.0000 2599.0000 
2015 8 9 22 39 31.00 -27430.0000 31910.0000 2640.0000 
2015 8 9 22 40 57.00 -27430.0000 31910.0000 2674.0000 
2015 8 9 22 42 23.00 -27420.0000 31910.0000 2710.0000 
2015 8 9 22 43 49.00 -27420.0000 31910.0000 2744.0000 
2015 8 9 22 45 15.00 -27420.0000 31910.0000 2782.0000 
2015 8 9 22 46 41.00 -27410.0000 31910.0000 2820.0000 
2015 8 9 22 48 7.00 -27410.0000 31910.0000 2853.0000 
2015 8 9 22 49 33.00 -27410.0000 31910.0000 2891.0000 
2015 8 9 22 50 59.00 -27410.0000 31910.0000 2924.0000 
2015 8 9 22 52 25.00 -27400.0000 31910.0000 2961.0000 
2015 8 9 22 53 51.00 -27400.0000 31910.0000 2998.0000 
2015 8 9 22 55 17.00 -27400.0000 31900.0000 3031.0000 
2015 8 9 22 56 43.00 -27390.0000 31900.0000 3073.0000 
2015 8 9 22 58 9.00 -27390.0000 31900.0000 3103.0000 
2015 8 9 22 59 35.00 -27390.0000 31900.0000 3142.0000 
2015 8 9 23 1 1.00 -27380.0000 31900.0000 3173.0000 
2015 8 9 23 2 27.00 -27380.0000 31900.0000 3206.0000 
2015 8 9 23 3 53.00 -27380.0000 31900.0000 3242.0000 
2015 8 9 23 5 19.00 -27380.0000 31900.0000 3280.0000 
2015 8 9 23 6 45.00 -27370.0000 31900.0000 3316.0000 
2015 8 9 23 8 12.00 -27370.0000 31900.0000 3352.0000 
2015 8 9 23 9 37.00 -27370.0000 31890.0000 3384.0000 
2015 8 9 23 11 3.00 -27360.0000 31890.0000 3419.0000 
2015 8 9 23 12 29.00 -27360.0000 31890.0000 3451.0000 
2015 8 9 23 13 55.00 -27360.0000 31890.0000 3486.0000 
2015 8 9 23 15 21.00 -27360.0000 31890.0000 3522.0000 
2015 8 9 23 16 47.00 -27350.0000 31890.0000 3553.0000 
2015 8 9 23 18 13.00 -27350.0000 31890.0000 3588.0000 
2015 8 9 23 19 39.00 -27350.0000 31890.0000 3619.0000 
2015 8 9 23 21 6.00 -27350.0000 31880.0000 3653.0000 
2015 8 9 23 22 32.00 -27340.0000 31880.0000 3688.0000 
2015 8 9 23 23 58.00 -27340.0000 31880.0000 3718.0000 
2015 8 9 23 25 24.00 -27340.0000 31880.0000 3752.0000 
2015 8 9 23 26 50.00 -27340.0000 31880.0000 3783.0000 
2015 8 9 23 28 16.00 -27330.0000 31880.0000 3816.0000 
2015 8 9 23 29 42.00 -27330.0000 31870.0000 3850.0000 
2015 8 9 23 31 7.00 -27330.0000 31870.0000 3880.0000 
2015 8 9 23 32 33.00 -27320.0000 31870.0000 3913.0000 
2015 8 9 23 34 0.00 -27320.0000 31870.0000 3946.0000 
2015 8 9 23 35 26.00 -27320.0000 31870.0000 3976.0000 
2015 8 9 23 36 52.00 -27320.0000 31870.0000 4009.0000 
2015 8 9 23 38 18.00 -27320.0000 31860.0000 4038.0000 
2015 8 9 23 39 44.00 -27310.0000 31860.0000 4070.0000 
2015 8 9 23 41 10.00 -27310.0000 31860.0000 4103.0000 
2015 8 9 23 42 36.00 -27310.0000 31860.0000 4131.0000 
2015 8 9 23 44 2.00 -27310.0000 31860.0000 4163.0000 
2015 8 9 23 45 28.00 -27300.0000 31850.0000 4192.0000 
2015 8 9 23 46 54.00 -27300.0000 31850.0000 4224.0000 
2015 8 9 23 48 20.00 -27300.0000 31850.0000 4255.0000 
2015 8 9 23 49 46.00 -27300.0000 31850.0000 4283.0000 
2015 8 9 23 51 12.00 -27290.0000 31850.0000 4314.0000 
2015 8 9 23 52 38.00 -27290.0000 31840.0000 4337.0000 
2015 8 9 23 54 4.00 -27290.0000 31840.0000 4372.0000 
2015 8 9 23 55 30.00 -27290.0000 31840.0000 4403.0000 
2015 8 9 23 56 56.00 -27290.0000 31840.0000 4430.0000 
2015 8 9 23 58 22.00 -27280.0000 31840.0000 4457.0000 
2015 8 9 23 59 48.00 -27280.0000 31830.0000 4484.0000 
