2015 8 9 0 0 20.00 16960.0000 38540.0000 -2287.0000 
2015 8 9 0 1 46.00 16960.0000 38540.0000 -2265.0000 
2015 8 9 0 3 12.00 16970.0000 38540.0000 -2233.0000 
2015 8 9 0 4 38.00 16970.0000 38540.0000 -2210.0000 
2015 8 9 0 6 4.00 16970.0000 38540.0000 -2181.0000 
2015 8 9 0 7 30.00 16970.0000 38540.0000 -2152.0000 
2015 8 9 0 8 56.00 16970.0000 38540.0000 -2126.0000 
2015 8 9 0 10 22.00 16970.0000 38540.0000 -2097.0000 
2015 8 9 0 11 48.00 16980.0000 38540.0000 -2071.0000 
2015 8 9 0 13 14.00 16980.0000 38550.0000 -2041.0000 
2015 8 9 0 14 40.00 16980.0000 38550.0000 -2012.0000 
2015 8 9 0 16 6.00 16980.0000 38550.0000 -1986.0000 
2015 8 9 0 17 32.00 16980.0000 38550.0000 -1957.0000 
2015 8 9 0 18 58.00 16980.0000 38550.0000 -1930.0000 
2015 8 9 0 20 24.00 16990.0000 38550.0000 -1898.0000 
2015 8 9 0 21 50.00 16990.0000 38550.0000 -1868.0000 
2015 8 9 0 23 16.00 16990.0000 38550.0000 -1841.0000 
2015 8 9 0 24 42.00 16990.0000 38550.0000 -1814.0000 
2015 8 9 0 26 8.00 16990.0000 38550.0000 -1788.0000 
2015 8 9 0 27 34.00 16990.0000 38550.0000 -1758.0000 
2015 8 9 0 29 0.00 17000.0000 38550.0000 -1728.0000 
2015 8 9 0 30 26.00 17000.0000 38550.0000 -1700.0000 
2015 8 9 0 31 52.00 17000.0000 38550.0000 -1670.0000 
2015 8 9 0 33 18.00 17000.0000 38550.0000 -1643.0000 
2015 8 9 0 34 44.00 17000.0000 38550.0000 -1612.0000 
2015 8 9 0 36 11.00 17010.0000 38550.0000 -1582.0000 
2015 8 9 0 37 37.00 17010.0000 38550.0000 -1553.0000 
2015 8 9 0 39 3.00 17010.0000 38560.0000 -1522.0000 
2015 8 9 0 40 29.00 17010.0000 38560.0000 -1497.0000 
2015 8 9 0 41 54.00 17010.0000 38560.0000 -1464.0000 
2015 8 9 0 43 20.00 17010.0000 38560.0000 -1433.0000 
2015 8 9 0 44 46.00 17020.0000 38560.0000 -1406.0000 
2015 8 9 0 46 12.00 17020.0000 38560.0000 -1377.0000 
2015 8 9 0 47 39.00 17020.0000 38560.0000 -1349.0000 
2015 8 9 0 49 5.00 17020.0000 38560.0000 -1316.0000 
2015 8 9 0 50 31.00 17020.0000 38560.0000 -1284.0000 
2015 8 9 0 51 57.00 17030.0000 38560.0000 -1259.0000 
2015 8 9 0 53 23.00 17030.0000 38560.0000 -1228.0000 
2015 8 9 0 54 49.00 17030.0000 38560.0000 -1200.0000 
2015 8 9 0 56 15.00 17030.0000 38560.0000 -1169.0000 
2015 8 9 0 57 41.00 17030.0000 38560.0000 -1136.0000 
2015 8 9 0 59 7.00 17030.0000 38560.0000 -1109.0000 
2015 8 9 1 0 33.00 17040.0000 38560.0000 -1078.0000 
2015 8 9 1 1 59.00 17040.0000 38560.0000 -1050.0000 
2015 8 9 1 3 25.00 17040.0000 38560.0000 -1019.0000 
2015 8 9 1 4 51.00 17040.0000 38560.0000 -986.9000 
2015 8 9 1 6 17.00 17040.0000 38560.0000 -958.6000 
2015 8 9 1 7 43.00 17050.0000 38560.0000 -924.4000 
2015 8 9 1 9 9.00 17050.0000 38560.0000 -895.2000 
2015 8 9 1 10 35.00 17050.0000 38560.0000 -867.3000 
2015 8 9 1 12 1.00 17050.0000 38560.0000 -835.4000 
2015 8 9 1 13 27.00 17050.0000 38560.0000 -807.3000 
2015 8 9 1 14 53.00 17060.0000 38560.0000 -775.2000 
2015 8 9 1 16 19.00 17060.0000 38560.0000 -747.1000 
2015 8 9 1 17 45.00 17060.0000 38560.0000 -715.0000 
2015 8 9 1 19 11.00 17060.0000 38560.0000 -683.4000 
2015 8 9 1 20 37.00 17060.0000 38560.0000 -655.2000 
2015 8 9 1 22 3.00 17060.0000 38560.0000 -623.0000 
2015 8 9 1 23 29.00 17070.0000 38560.0000 -594.2000 
2015 8 9 1 24 55.00 17070.0000 38560.0000 -562.7000 
2015 8 9 1 26 21.00 17070.0000 38550.0000 -530.0000 
2015 8 9 1 27 47.00 17070.0000 38550.0000 -501.4000 
2015 8 9 1 29 13.00 17070.0000 38550.0000 -469.3000 
2015 8 9 1 30 39.00 17070.0000 38550.0000 -440.5000 
2015 8 9 1 32 5.00 17080.0000 38550.0000 -406.2000 
2015 8 9 1 33 31.00 17080.0000 38550.0000 -376.3000 
2015 8 9 1 34 57.00 17080.0000 38550.0000 -347.8000 
2015 8 9 1 36 23.00 17080.0000 38550.0000 -315.5000 
2015 8 9 1 37 49.00 17080.0000 38550.0000 -286.9000 
2015 8 9 1 39 15.00 17090.0000 38550.0000 -254.5000 
2015 8 9 1 40 41.00 17090.0000 38550.0000 -220.7000 
2015 8 9 1 42 7.00 17090.0000 38550.0000 -194.4000 
2015 8 9 1 43 33.00 17090.0000 38550.0000 -161.6000 
2015 8 9 1 44 59.00 17090.0000 38550.0000 -129.6000 
2015 8 9 1 46 25.00 17090.0000 38550.0000 -100.8000 
2015 8 9 1 47 51.00 17100.0000 38550.0000 -68.3900 
2015 8 9 1 49 17.00 17100.0000 38550.0000 -39.9700 
2015 8 9 1 50 43.00 17100.0000 38550.0000 -7.5280 
2015 8 9 1 52 9.00 17100.0000 38540.0000 27.6600 
2015 8 9 1 53 35.00 17100.0000 38540.0000 52.8800 
2015 8 9 1 55 1.00 17100.0000 38540.0000 85.1400 
2015 8 9 1 56 27.00 17110.0000 38540.0000 113.9000 
2015 8 9 1 57 53.00 17110.0000 38540.0000 149.3000 
2015 8 9 1 59 19.00 17110.0000 38540.0000 181.5000 
2015 8 9 2 0 45.00 17110.0000 38540.0000 210.6000 
2015 8 9 2 2 12.00 17110.0000 38540.0000 239.1000 
2015 8 9 2 3 38.00 17110.0000 38540.0000 268.0000 
2015 8 9 2 5 4.00 17120.0000 38540.0000 303.9000 
2015 8 9 2 6 30.00 17120.0000 38540.0000 335.7000 
2015 8 9 2 7 56.00 17120.0000 38530.0000 361.7000 
2015 8 9 2 9 22.00 17120.0000 38530.0000 393.6000 
2015 8 9 2 10 48.00 17120.0000 38530.0000 422.3000 
2015 8 9 2 12 13.00 17120.0000 38530.0000 454.0000 
2015 8 9 2 13 39.00 17130.0000 38530.0000 488.7000 
2015 8 9 2 15 6.00 17130.0000 38530.0000 517.1000 
2015 8 9 2 16 32.00 17130.0000 38530.0000 550.2000 
2015 8 9 2 17 58.00 17130.0000 38530.0000 575.5000 
2015 8 9 2 19 24.00 17130.0000 38530.0000 607.8000 
2015 8 9 2 20 50.00 17130.0000 38520.0000 642.7000 
2015 8 9 2 22 16.00 17130.0000 38520.0000 667.8000 
2015 8 9 2 23 42.00 17140.0000 38520.0000 700.3000 
2015 8 9 2 25 8.00 17140.0000 38520.0000 728.3000 
2015 8 9 2 26 34.00 17140.0000 38520.0000 760.4000 
2015 8 9 2 28 0.00 17140.0000 38520.0000 792.2000 
2015 8 9 2 29 26.00 17140.0000 38520.0000 822.2000 
2015 8 9 2 30 52.00 17140.0000 38520.0000 852.1000 
2015 8 9 2 32 18.00 17140.0000 38520.0000 883.5000 
2015 8 9 2 33 44.00 17140.0000 38510.0000 912.4000 
2015 8 9 2 35 10.00 17150.0000 38510.0000 944.5000 
2015 8 9 2 36 36.00 17150.0000 38510.0000 972.0000 
2015 8 9 2 38 2.00 17150.0000 38510.0000 1004.0000 
2015 8 9 2 39 28.00 17150.0000 38510.0000 1032.0000 
2015 8 9 2 40 54.00 17150.0000 38510.0000 1064.0000 
2015 8 9 2 42 20.00 17150.0000 38510.0000 1098.0000 
2015 8 9 2 43 46.00 17150.0000 38500.0000 1123.0000 
2015 8 9 2 45 12.00 17150.0000 38500.0000 1155.0000 
2015 8 9 2 46 38.00 17160.0000 38500.0000 1183.0000 
2015 8 9 2 48 4.00 17160.0000 38500.0000 1217.0000 
2015 8 9 2 49 30.00 17160.0000 38500.0000 1245.0000 
2015 8 9 2 50 56.00 17160.0000 38500.0000 1276.0000 
2015 8 9 2 52 22.00 17160.0000 38500.0000 1304.0000 
2015 8 9 2 53 48.00 17160.0000 38490.0000 1334.0000 
2015 8 9 2 55 14.00 17160.0000 38490.0000 1363.0000 
2015 8 9 2 56 40.00 17160.0000 38490.0000 1394.0000 
2015 8 9 2 58 6.00 17160.0000 38490.0000 1421.0000 
2015 8 9 2 59 32.00 17170.0000 38490.0000 1452.0000 
2015 8 9 3 0 58.00 17170.0000 38490.0000 1483.0000 
2015 8 9 3 2 24.00 17170.0000 38480.0000 1511.0000 
2015 8 9 3 3 50.00 17170.0000 38480.0000 1541.0000 
2015 8 9 3 5 16.00 17170.0000 38480.0000 1569.0000 
2015 8 9 3 6 42.00 17170.0000 38480.0000 1599.0000 
2015 8 9 3 8 8.00 17170.0000 38480.0000 1630.0000 
2015 8 9 3 9 34.00 17170.0000 38480.0000 1660.0000 
2015 8 9 3 11 0.00 17170.0000 38470.0000 1687.0000 
2015 8 9 3 12 26.00 17170.0000 38470.0000 1714.0000 
2015 8 9 3 13 52.00 17170.0000 38470.0000 1744.0000 
2015 8 9 3 15 18.00 17170.0000 38470.0000 1774.0000 
2015 8 9 3 16 44.00 17180.0000 38470.0000 1801.0000 
2015 8 9 3 18 11.00 17180.0000 38470.0000 1831.0000 
2015 8 9 3 19 37.00 17180.0000 38460.0000 1858.0000 
2015 8 9 3 21 2.00 17180.0000 38460.0000 1888.0000 
2015 8 9 3 22 28.00 17180.0000 38460.0000 1915.0000 
2015 8 9 3 23 54.00 17180.0000 38460.0000 1947.0000 
2015 8 9 3 25 20.00 17180.0000 38460.0000 1974.0000 
2015 8 9 3 26 46.00 17180.0000 38460.0000 2000.0000 
2015 8 9 3 28 12.00 17180.0000 38450.0000 2030.0000 
2015 8 9 3 29 39.00 17180.0000 38450.0000 2063.0000 
2015 8 9 3 31 5.00 17180.0000 38450.0000 2088.0000 
2015 8 9 3 32 31.00 17180.0000 38450.0000 2115.0000 
2015 8 9 3 33 57.00 17180.0000 38450.0000 2141.0000 
2015 8 9 3 35 23.00 17180.0000 38450.0000 2173.0000 
2015 8 9 3 36 49.00 17180.0000 38440.0000 2197.0000 
2015 8 9 3 38 15.00 17180.0000 38440.0000 2226.0000 
2015 8 9 3 39 41.00 17180.0000 38440.0000 2257.0000 
2015 8 9 3 41 7.00 17180.0000 38440.0000 2282.0000 
2015 8 9 3 42 33.00 17190.0000 38440.0000 2311.0000 
2015 8 9 3 43 59.00 17190.0000 38440.0000 2330.0000 
2015 8 9 3 45 25.00 17190.0000 38430.0000 2358.0000 
2015 8 9 3 46 51.00 17190.0000 38430.0000 2387.0000 
2015 8 9 3 48 17.00 17190.0000 38430.0000 2412.0000 
2015 8 9 3 49 43.00 17190.0000 38430.0000 2440.0000 
2015 8 9 3 51 9.00 17190.0000 38430.0000 2465.0000 
2015 8 9 3 52 35.00 17190.0000 38420.0000 2493.0000 
2015 8 9 3 54 1.00 17190.0000 38420.0000 2523.0000 
2015 8 9 3 55 27.00 17190.0000 38420.0000 2546.0000 
2015 8 9 3 56 53.00 17190.0000 38420.0000 2573.0000 
2015 8 9 3 58 19.00 17190.0000 38420.0000 2598.0000 
2015 8 9 3 59 45.00 17190.0000 38420.0000 2625.0000 
2015 8 9 4 1 11.00 17190.0000 38410.0000 2655.0000 
2015 8 9 4 2 37.00 17190.0000 38410.0000 2677.0000 
2015 8 9 4 4 3.00 17190.0000 38410.0000 2704.0000 
2015 8 9 4 5 29.00 17190.0000 38410.0000 2728.0000 
2015 8 9 4 6 55.00 17190.0000 38410.0000 2755.0000 
2015 8 9 4 8 21.00 17190.0000 38400.0000 2782.0000 
2015 8 9 4 9 47.00 17190.0000 38400.0000 2806.0000 
2015 8 9 4 11 13.00 17190.0000 38400.0000 2832.0000 
2015 8 9 4 12 39.00 17190.0000 38400.0000 2856.0000 
2015 8 9 4 14 5.00 17190.0000 38400.0000 2883.0000 
2015 8 9 4 15 31.00 17190.0000 38390.0000 2909.0000 
2015 8 9 4 16 57.00 17190.0000 38390.0000 2934.0000 
2015 8 9 4 18 23.00 17190.0000 38390.0000 2960.0000 
2015 8 9 4 19 49.00 17190.0000 38390.0000 2983.0000 
2015 8 9 4 21 15.00 17190.0000 38390.0000 3009.0000 
2015 8 9 4 22 41.00 17190.0000 38390.0000 3029.0000 
2015 8 9 4 24 7.00 17190.0000 38380.0000 3052.0000 
2015 8 9 4 25 33.00 17190.0000 38380.0000 3079.0000 
2015 8 9 4 26 59.00 17180.0000 38380.0000 3100.0000 
2015 8 9 4 28 25.00 17180.0000 38380.0000 3125.0000 
2015 8 9 4 29 51.00 17180.0000 38380.0000 3150.0000 
2015 8 9 4 31 17.00 17180.0000 38380.0000 3172.0000 
2015 8 9 4 32 43.00 17180.0000 38370.0000 3197.0000 
2015 8 9 4 34 9.00 17180.0000 38370.0000 3219.0000 
2015 8 9 4 35 35.00 17180.0000 38370.0000 3243.0000 
2015 8 9 4 37 1.00 17180.0000 38370.0000 3268.0000 
2015 8 9 4 38 27.00 17180.0000 38370.0000 3289.0000 
2015 8 9 4 39 53.00 17180.0000 38360.0000 3313.0000 
2015 8 9 4 41 19.00 17180.0000 38360.0000 3334.0000 
2015 8 9 4 42 45.00 17180.0000 38360.0000 3360.0000 
2015 8 9 4 44 12.00 17180.0000 38360.0000 3382.0000 
2015 8 9 4 45 38.00 17180.0000 38360.0000 3405.0000 
2015 8 9 4 47 4.00 17180.0000 38360.0000 3428.0000 
2015 8 9 4 48 30.00 17180.0000 38350.0000 3451.0000 
2015 8 9 4 49 56.00 17180.0000 38350.0000 3472.0000 
2015 8 9 4 51 21.00 17180.0000 38350.0000 3495.0000 
2015 8 9 4 52 47.00 17170.0000 38350.0000 3515.0000 
2015 8 9 4 54 13.00 17170.0000 38350.0000 3537.0000 
2015 8 9 4 55 39.00 17170.0000 38350.0000 3560.0000 
2015 8 9 4 57 6.00 17170.0000 38340.0000 3580.0000 
2015 8 9 4 58 32.00 17170.0000 38340.0000 3602.0000 
2015 8 9 4 59 58.00 17170.0000 38340.0000 3618.0000 
2015 8 9 5 1 24.00 17170.0000 38340.0000 3640.0000 
2015 8 9 5 2 50.00 17170.0000 38340.0000 3662.0000 
2015 8 9 5 4 16.00 17170.0000 38340.0000 3681.0000 
2015 8 9 5 5 42.00 17170.0000 38330.0000 3702.0000 
2015 8 9 5 7 8.00 17170.0000 38330.0000 3721.0000 
2015 8 9 5 8 34.00 17160.0000 38330.0000 3742.0000 
2015 8 9 5 10 0.00 17160.0000 38330.0000 3764.0000 
2015 8 9 5 11 26.00 17160.0000 38330.0000 3783.0000 
2015 8 9 5 12 52.00 17160.0000 38330.0000 3804.0000 
2015 8 9 5 14 18.00 17160.0000 38330.0000 3822.0000 
2015 8 9 5 15 44.00 17160.0000 38320.0000 3842.0000 
2015 8 9 5 17 10.00 17160.0000 38320.0000 3863.0000 
2015 8 9 5 18 36.00 17160.0000 38320.0000 3880.0000 
2015 8 9 5 20 2.00 17160.0000 38320.0000 3900.0000 
2015 8 9 5 21 28.00 17160.0000 38320.0000 3918.0000 
2015 8 9 5 22 54.00 17150.0000 38320.0000 3937.0000 
2015 8 9 5 24 20.00 17150.0000 38320.0000 3957.0000 
2015 8 9 5 25 46.00 17150.0000 38310.0000 3971.0000 
2015 8 9 5 27 12.00 17150.0000 38310.0000 3993.0000 
2015 8 9 5 28 38.00 17150.0000 38310.0000 4006.0000 
2015 8 9 5 30 4.00 17150.0000 38310.0000 4028.0000 
2015 8 9 5 31 30.00 17150.0000 38310.0000 4044.0000 
2015 8 9 5 32 56.00 17150.0000 38310.0000 4060.0000 
2015 8 9 5 34 22.00 17140.0000 38310.0000 4080.0000 
2015 8 9 5 35 48.00 17140.0000 38310.0000 4093.0000 
2015 8 9 5 37 14.00 17140.0000 38300.0000 4111.0000 
2015 8 9 5 38 40.00 17140.0000 38300.0000 4129.0000 
2015 8 9 5 40 6.00 17140.0000 38300.0000 4144.0000 
2015 8 9 5 41 32.00 17140.0000 38300.0000 4161.0000 
2015 8 9 5 42 58.00 17140.0000 38300.0000 4177.0000 
2015 8 9 5 44 24.00 17140.0000 38300.0000 4194.0000 
2015 8 9 5 45 50.00 17130.0000 38300.0000 4211.0000 
2015 8 9 5 47 16.00 17130.0000 38300.0000 4226.0000 
2015 8 9 5 48 42.00 17130.0000 38290.0000 4242.0000 
2015 8 9 5 50 8.00 17130.0000 38290.0000 4257.0000 
2015 8 9 5 51 34.00 17130.0000 38290.0000 4273.0000 
2015 8 9 5 53 0.00 17130.0000 38290.0000 4289.0000 
2015 8 9 5 54 26.00 17120.0000 38290.0000 4303.0000 
2015 8 9 5 55 52.00 17120.0000 38290.0000 4319.0000 
2015 8 9 5 57 18.00 17120.0000 38290.0000 4334.0000 
2015 8 9 5 58 44.00 17120.0000 38290.0000 4350.0000 
2015 8 9 6 0 10.00 17120.0000 38290.0000 4365.0000 
2015 8 9 6 1 36.00 17120.0000 38290.0000 4378.0000 
2015 8 9 6 3 2.00 17120.0000 38280.0000 4389.0000 
2015 8 9 6 4 28.00 17110.0000 38280.0000 4405.0000 
2015 8 9 6 5 54.00 17110.0000 38280.0000 4420.0000 
2015 8 9 6 7 20.00 17110.0000 38280.0000 4434.0000 
2015 8 9 6 8 46.00 17110.0000 38280.0000 4446.0000 
2015 8 9 6 10 12.00 17110.0000 38280.0000 4460.0000 
2015 8 9 6 11 39.00 17110.0000 38280.0000 4472.0000 
2015 8 9 6 13 5.00 17100.0000 38280.0000 4485.0000 
2015 8 9 6 14 31.00 17100.0000 38280.0000 4498.0000 
2015 8 9 6 15 57.00 17100.0000 38280.0000 4510.0000 
2015 8 9 6 17 23.00 17100.0000 38280.0000 4522.0000 
2015 8 9 6 18 49.00 17100.0000 38280.0000 4534.0000 
2015 8 9 6 20 14.00 17100.0000 38270.0000 4544.0000 
2015 8 9 6 21 40.00 17090.0000 38270.0000 4556.0000 
2015 8 9 6 23 6.00 17090.0000 38270.0000 4567.0000 
2015 8 9 6 24 32.00 17090.0000 38270.0000 4579.0000 
2015 8 9 6 25 59.00 17090.0000 38270.0000 4589.0000 
2015 8 9 6 27 25.00 17090.0000 38270.0000 4601.0000 
2015 8 9 6 28 51.00 17090.0000 38270.0000 4612.0000 
2015 8 9 6 30 17.00 17080.0000 38270.0000 4622.0000 
2015 8 9 6 31 43.00 17080.0000 38270.0000 4633.0000 
2015 8 9 6 33 9.00 17080.0000 38270.0000 4643.0000 
2015 8 9 6 34 35.00 17080.0000 38270.0000 4654.0000 
2015 8 9 6 36 1.00 17080.0000 38270.0000 4664.0000 
2015 8 9 6 37 27.00 17080.0000 38270.0000 4673.0000 
2015 8 9 6 38 53.00 17070.0000 38270.0000 4684.0000 
2015 8 9 6 40 19.00 17070.0000 38270.0000 4693.0000 
2015 8 9 6 41 45.00 17070.0000 38270.0000 4702.0000 
2015 8 9 6 43 11.00 17070.0000 38270.0000 4712.0000 
2015 8 9 6 44 37.00 17070.0000 38270.0000 4720.0000 
2015 8 9 6 46 3.00 17060.0000 38270.0000 4729.0000 
2015 8 9 6 47 29.00 17060.0000 38270.0000 4738.0000 
2015 8 9 6 48 55.00 17060.0000 38270.0000 4744.0000 
2015 8 9 6 50 21.00 17060.0000 38270.0000 4753.0000 
2015 8 9 6 51 47.00 17060.0000 38270.0000 4760.0000 
2015 8 9 6 53 13.00 17060.0000 38270.0000 4768.0000 
2015 8 9 6 54 39.00 17050.0000 38270.0000 4776.0000 
2015 8 9 6 56 5.00 17050.0000 38260.0000 4783.0000 
2015 8 9 6 57 31.00 17050.0000 38260.0000 4790.0000 
2015 8 9 6 58 57.00 17050.0000 38260.0000 4798.0000 
2015 8 9 7 0 23.00 17050.0000 38260.0000 4804.0000 
2015 8 9 7 1 49.00 17040.0000 38260.0000 4811.0000 
2015 8 9 7 3 15.00 17040.0000 38260.0000 4817.0000 
2015 8 9 7 4 41.00 17040.0000 38260.0000 4824.0000 
2015 8 9 7 6 7.00 17040.0000 38260.0000 4829.0000 
2015 8 9 7 7 33.00 17040.0000 38260.0000 4835.0000 
2015 8 9 7 8 59.00 17040.0000 38260.0000 4841.0000 
2015 8 9 7 10 25.00 17030.0000 38260.0000 4846.0000 
2015 8 9 7 11 51.00 17030.0000 38270.0000 4852.0000 
2015 8 9 7 13 17.00 17030.0000 38270.0000 4856.0000 
2015 8 9 7 14 43.00 17030.0000 38270.0000 4862.0000 
2015 8 9 7 16 9.00 17030.0000 38270.0000 4866.0000 
2015 8 9 7 17 35.00 17030.0000 38270.0000 4870.0000 
2015 8 9 7 19 1.00 17020.0000 38270.0000 4874.0000 
2015 8 9 7 20 27.00 17020.0000 38270.0000 4878.0000 
2015 8 9 7 21 53.00 17020.0000 38270.0000 4883.0000 
2015 8 9 7 23 19.00 17020.0000 38270.0000 4887.0000 
2015 8 9 7 24 45.00 17020.0000 38270.0000 4890.0000 
2015 8 9 7 26 11.00 17010.0000 38270.0000 4893.0000 
2015 8 9 7 27 37.00 17010.0000 38270.0000 4896.0000 
2015 8 9 7 29 3.00 17010.0000 38270.0000 4899.0000 
2015 8 9 7 30 29.00 17010.0000 38270.0000 4901.0000 
2015 8 9 7 31 55.00 17010.0000 38270.0000 4904.0000 
2015 8 9 7 33 21.00 17010.0000 38270.0000 4906.0000 
2015 8 9 7 34 47.00 17000.0000 38270.0000 4908.0000 
2015 8 9 7 36 13.00 17000.0000 38270.0000 4910.0000 
2015 8 9 7 37 39.00 17000.0000 38270.0000 4912.0000 
2015 8 9 7 39 6.00 17000.0000 38270.0000 4914.0000 
2015 8 9 7 40 32.00 17000.0000 38270.0000 4915.0000 
2015 8 9 7 41 58.00 17000.0000 38270.0000 4916.0000 
2015 8 9 7 43 24.00 16990.0000 38270.0000 4917.0000 
2015 8 9 7 44 50.00 16990.0000 38270.0000 4918.0000 
2015 8 9 7 46 16.00 16990.0000 38270.0000 4919.0000 
2015 8 9 7 47 42.00 16990.0000 38280.0000 4919.0000 
2015 8 9 7 49 7.00 16990.0000 38280.0000 4919.0000 
2015 8 9 7 50 33.00 16990.0000 38280.0000 4919.0000 
2015 8 9 7 52 0.00 16980.0000 38280.0000 4919.0000 
2015 8 9 7 53 26.00 16980.0000 38280.0000 4919.0000 
2015 8 9 7 54 52.00 16980.0000 38280.0000 4918.0000 
2015 8 9 7 56 18.00 16980.0000 38280.0000 4918.0000 
2015 8 9 7 57 44.00 16980.0000 38280.0000 4917.0000 
2015 8 9 7 59 10.00 16980.0000 38280.0000 4916.0000 
2015 8 9 8 0 36.00 16970.0000 38280.0000 4914.0000 
2015 8 9 8 2 2.00 16970.0000 38280.0000 4913.0000 
2015 8 9 8 3 28.00 16970.0000 38280.0000 4911.0000 
2015 8 9 8 4 54.00 16970.0000 38290.0000 4909.0000 
2015 8 9 8 6 20.00 16970.0000 38290.0000 4907.0000 
2015 8 9 8 7 46.00 16970.0000 38290.0000 4905.0000 
2015 8 9 8 9 12.00 16960.0000 38290.0000 4902.0000 
2015 8 9 8 10 38.00 16960.0000 38290.0000 4899.0000 
2015 8 9 8 12 4.00 16960.0000 38290.0000 4896.0000 
2015 8 9 8 13 30.00 16960.0000 38290.0000 4893.0000 
2015 8 9 8 14 56.00 16960.0000 38290.0000 4890.0000 
2015 8 9 8 16 22.00 16960.0000 38290.0000 4886.0000 
2015 8 9 8 17 48.00 16960.0000 38290.0000 4883.0000 
2015 8 9 8 19 14.00 16950.0000 38300.0000 4879.0000 
2015 8 9 8 20 40.00 16950.0000 38300.0000 4875.0000 
2015 8 9 8 22 6.00 16950.0000 38300.0000 4871.0000 
2015 8 9 8 23 32.00 16950.0000 38300.0000 4867.0000 
2015 8 9 8 24 58.00 16950.0000 38300.0000 4862.0000 
2015 8 9 8 26 24.00 16950.0000 38300.0000 4857.0000 
2015 8 9 8 27 50.00 16950.0000 38300.0000 4852.0000 
2015 8 9 8 29 16.00 16940.0000 38300.0000 4847.0000 
2015 8 9 8 30 42.00 16940.0000 38300.0000 4841.0000 
2015 8 9 8 32 8.00 16940.0000 38310.0000 4836.0000 
2015 8 9 8 33 34.00 16940.0000 38310.0000 4830.0000 
2015 8 9 8 35 0.00 16940.0000 38310.0000 4824.0000 
2015 8 9 8 36 26.00 16940.0000 38310.0000 4818.0000 
2015 8 9 8 37 52.00 16940.0000 38310.0000 4811.0000 
2015 8 9 8 39 18.00 16940.0000 38310.0000 4805.0000 
2015 8 9 8 40 44.00 16930.0000 38310.0000 4798.0000 
2015 8 9 8 42 10.00 16930.0000 38320.0000 4791.0000 
2015 8 9 8 43 36.00 16930.0000 38320.0000 4785.0000 
2015 8 9 8 45 2.00 16930.0000 38320.0000 4778.0000 
2015 8 9 8 46 28.00 16930.0000 38320.0000 4770.0000 
2015 8 9 8 47 54.00 16930.0000 38320.0000 4762.0000 
2015 8 9 8 49 20.00 16930.0000 38320.0000 4754.0000 
2015 8 9 8 50 46.00 16930.0000 38320.0000 4746.0000 
2015 8 9 8 52 12.00 16930.0000 38330.0000 4738.0000 
2015 8 9 8 53 39.00 16920.0000 38330.0000 4730.0000 
2015 8 9 8 55 5.00 16920.0000 38330.0000 4721.0000 
2015 8 9 8 56 30.00 16920.0000 38330.0000 4711.0000 
2015 8 9 8 57 56.00 16920.0000 38330.0000 4703.0000 
2015 8 9 8 59 22.00 16920.0000 38330.0000 4694.0000 
2015 8 9 9 0 48.00 16920.0000 38330.0000 4685.0000 
2015 8 9 9 2 14.00 16920.0000 38340.0000 4676.0000 
2015 8 9 9 3 40.00 16920.0000 38340.0000 4666.0000 
2015 8 9 9 5 6.00 16920.0000 38340.0000 4657.0000 
2015 8 9 9 6 33.00 16920.0000 38340.0000 4646.0000 
2015 8 9 9 7 59.00 16910.0000 38340.0000 4635.0000 
2015 8 9 9 9 25.00 16910.0000 38340.0000 4625.0000 
2015 8 9 9 10 51.00 16910.0000 38350.0000 4613.0000 
2015 8 9 9 12 17.00 16910.0000 38350.0000 4603.0000 
2015 8 9 9 13 43.00 16910.0000 38350.0000 4592.0000 
2015 8 9 9 15 9.00 16910.0000 38350.0000 4582.0000 
2015 8 9 9 16 35.00 16910.0000 38350.0000 4570.0000 
2015 8 9 9 18 0.00 16910.0000 38350.0000 4558.0000 
2015 8 9 9 19 27.00 16910.0000 38360.0000 4547.0000 
2015 8 9 9 20 53.00 16910.0000 38360.0000 4534.0000 
2015 8 9 9 22 19.00 16910.0000 38360.0000 4523.0000 
2015 8 9 9 23 45.00 16910.0000 38360.0000 4510.0000 
2015 8 9 9 25 11.00 16910.0000 38360.0000 4499.0000 
2015 8 9 9 26 37.00 16910.0000 38360.0000 4487.0000 
2015 8 9 9 28 3.00 16910.0000 38370.0000 4473.0000 
2015 8 9 9 29 29.00 16900.0000 38370.0000 4460.0000 
2015 8 9 9 30 55.00 16900.0000 38370.0000 4448.0000 
2015 8 9 9 32 21.00 16900.0000 38370.0000 4435.0000 
2015 8 9 9 33 47.00 16900.0000 38370.0000 4423.0000 
2015 8 9 9 35 13.00 16900.0000 38370.0000 4408.0000 
2015 8 9 9 36 39.00 16900.0000 38380.0000 4394.0000 
2015 8 9 9 38 5.00 16900.0000 38380.0000 4379.0000 
2015 8 9 9 39 31.00 16900.0000 38380.0000 4366.0000 
2015 8 9 9 40 57.00 16900.0000 38380.0000 4353.0000 
2015 8 9 9 42 23.00 16900.0000 38380.0000 4337.0000 
2015 8 9 9 43 49.00 16900.0000 38380.0000 4322.0000 
2015 8 9 9 45 15.00 16900.0000 38390.0000 4308.0000 
2015 8 9 9 46 41.00 16900.0000 38390.0000 4292.0000 
2015 8 9 9 48 7.00 16900.0000 38390.0000 4278.0000 
2015 8 9 9 49 33.00 16900.0000 38390.0000 4262.0000 
2015 8 9 9 50 59.00 16900.0000 38390.0000 4245.0000 
2015 8 9 9 52 25.00 16900.0000 38400.0000 4231.0000 
2015 8 9 9 53 51.00 16900.0000 38400.0000 4213.0000 
2015 8 9 9 55 17.00 16900.0000 38400.0000 4199.0000 
2015 8 9 9 56 43.00 16900.0000 38400.0000 4184.0000 
2015 8 9 9 58 9.00 16900.0000 38400.0000 4169.0000 
2015 8 9 9 59 35.00 16900.0000 38400.0000 4151.0000 
2015 8 9 10 1 1.00 16900.0000 38410.0000 4132.0000 
2015 8 9 10 2 27.00 16900.0000 38410.0000 4118.0000 
2015 8 9 10 3 53.00 16900.0000 38410.0000 4100.0000 
2015 8 9 10 5 19.00 16900.0000 38410.0000 4084.0000 
2015 8 9 10 6 45.00 16900.0000 38410.0000 4064.0000 
2015 8 9 10 8 11.00 16900.0000 38420.0000 4047.0000 
2015 8 9 10 9 37.00 16900.0000 38420.0000 4031.0000 
2015 8 9 10 11 3.00 16900.0000 38420.0000 4011.0000 
2015 8 9 10 12 29.00 16900.0000 38420.0000 3994.0000 
2015 8 9 10 13 55.00 16900.0000 38420.0000 3976.0000 
2015 8 9 10 15 21.00 16900.0000 38420.0000 3956.0000 
2015 8 9 10 16 47.00 16900.0000 38430.0000 3939.0000 
2015 8 9 10 18 13.00 16900.0000 38430.0000 3920.0000 
2015 8 9 10 19 39.00 16900.0000 38430.0000 3902.0000 
2015 8 9 10 21 6.00 16900.0000 38430.0000 3882.0000 
2015 8 9 10 22 32.00 16900.0000 38430.0000 3865.0000 
2015 8 9 10 23 57.00 16900.0000 38430.0000 3847.0000 
2015 8 9 10 25 23.00 16900.0000 38440.0000 3825.0000 
2015 8 9 10 26 49.00 16900.0000 38440.0000 3809.0000 
2015 8 9 10 28 15.00 16900.0000 38440.0000 3786.0000 
2015 8 9 10 29 41.00 16900.0000 38440.0000 3767.0000 
2015 8 9 10 31 7.00 16900.0000 38440.0000 3749.0000 
2015 8 9 10 32 33.00 16900.0000 38450.0000 3728.0000 
2015 8 9 10 34 0.00 16900.0000 38450.0000 3707.0000 
2015 8 9 10 35 26.00 16900.0000 38450.0000 3687.0000 
2015 8 9 10 36 52.00 16900.0000 38450.0000 3665.0000 
2015 8 9 10 38 18.00 16900.0000 38450.0000 3644.0000 
2015 8 9 10 39 44.00 16910.0000 38450.0000 3622.0000 
2015 8 9 10 41 10.00 16910.0000 38460.0000 3605.0000 
2015 8 9 10 42 36.00 16910.0000 38460.0000 3581.0000 
2015 8 9 10 44 2.00 16910.0000 38460.0000 3558.0000 
2015 8 9 10 45 27.00 16910.0000 38460.0000 3539.0000 
2015 8 9 10 46 54.00 16910.0000 38460.0000 3516.0000 
2015 8 9 10 48 20.00 16910.0000 38460.0000 3493.0000 
2015 8 9 10 49 46.00 16910.0000 38470.0000 3473.0000 
2015 8 9 10 51 12.00 16910.0000 38470.0000 3450.0000 
2015 8 9 10 52 38.00 16910.0000 38470.0000 3430.0000 
2015 8 9 10 54 4.00 16910.0000 38470.0000 3406.0000 
2015 8 9 10 55 30.00 16910.0000 38470.0000 3383.0000 
2015 8 9 10 56 56.00 16910.0000 38470.0000 3365.0000 
2015 8 9 10 58 22.00 16910.0000 38480.0000 3339.0000 
2015 8 9 10 59 48.00 16920.0000 38480.0000 3318.0000 
2015 8 9 11 1 14.00 16920.0000 38480.0000 3294.0000 
2015 8 9 11 2 40.00 16920.0000 38480.0000 3272.0000 
2015 8 9 11 4 6.00 16920.0000 38480.0000 3251.0000 
2015 8 9 11 5 32.00 16920.0000 38480.0000 3224.0000 
2015 8 9 11 6 58.00 16920.0000 38480.0000 3204.0000 
2015 8 9 11 8 24.00 16920.0000 38490.0000 3177.0000 
2015 8 9 11 9 50.00 16920.0000 38490.0000 3153.0000 
2015 8 9 11 11 16.00 16920.0000 38490.0000 3130.0000 
2015 8 9 11 12 42.00 16920.0000 38490.0000 3106.0000 
2015 8 9 11 14 8.00 16920.0000 38490.0000 3083.0000 
2015 8 9 11 15 34.00 16930.0000 38490.0000 3058.0000 
2015 8 9 11 17 0.00 16930.0000 38500.0000 3033.0000 
2015 8 9 11 18 26.00 16930.0000 38500.0000 3010.0000 
2015 8 9 11 19 52.00 16930.0000 38500.0000 2984.0000 
2015 8 9 11 21 18.00 16930.0000 38500.0000 2961.0000 
2015 8 9 11 22 44.00 16930.0000 38500.0000 2935.0000 
2015 8 9 11 24 10.00 16930.0000 38500.0000 2909.0000 
2015 8 9 11 25 36.00 16930.0000 38500.0000 2886.0000 
2015 8 9 11 27 2.00 16930.0000 38500.0000 2864.0000 
2015 8 9 11 28 28.00 16940.0000 38510.0000 2841.0000 
2015 8 9 11 29 54.00 16940.0000 38510.0000 2811.0000 
2015 8 9 11 31 20.00 16940.0000 38510.0000 2787.0000 
2015 8 9 11 32 46.00 16940.0000 38510.0000 2763.0000 
2015 8 9 11 34 12.00 16940.0000 38510.0000 2737.0000 
2015 8 9 11 35 38.00 16940.0000 38510.0000 2712.0000 
2015 8 9 11 37 4.00 16940.0000 38510.0000 2685.0000 
2015 8 9 11 38 30.00 16940.0000 38510.0000 2658.0000 
2015 8 9 11 39 56.00 16950.0000 38520.0000 2634.0000 
2015 8 9 11 41 22.00 16950.0000 38520.0000 2604.0000 
2015 8 9 11 42 48.00 16950.0000 38520.0000 2580.0000 
2015 8 9 11 44 14.00 16950.0000 38520.0000 2552.0000 
2015 8 9 11 45 40.00 16950.0000 38520.0000 2524.0000 
2015 8 9 11 47 6.00 16950.0000 38520.0000 2500.0000 
2015 8 9 11 48 32.00 16950.0000 38520.0000 2472.0000 
2015 8 9 11 49 59.00 16960.0000 38520.0000 2447.0000 
2015 8 9 11 51 24.00 16960.0000 38520.0000 2419.0000 
2015 8 9 11 52 50.00 16960.0000 38530.0000 2391.0000 
2015 8 9 11 54 16.00 16960.0000 38530.0000 2365.0000 
2015 8 9 11 55 42.00 16960.0000 38530.0000 2337.0000 
2015 8 9 11 57 8.00 16960.0000 38530.0000 2311.0000 
2015 8 9 11 58 34.00 16960.0000 38530.0000 2283.0000 
2015 8 9 12 0 0.00 16970.0000 38530.0000 2254.0000 
2015 8 9 12 1 26.00 16970.0000 38530.0000 2228.0000 
2015 8 9 12 2 53.00 16970.0000 38530.0000 2199.0000 
2015 8 9 12 4 19.00 16970.0000 38530.0000 2176.0000 
2015 8 9 12 5 45.00 16970.0000 38530.0000 2148.0000 
2015 8 9 12 7 11.00 16970.0000 38540.0000 2118.0000 
2015 8 9 12 8 37.00 16970.0000 38540.0000 2094.0000 
2015 8 9 12 10 3.00 16980.0000 38540.0000 2065.0000 
2015 8 9 12 11 29.00 16980.0000 38540.0000 2037.0000 
2015 8 9 12 12 54.00 16980.0000 38540.0000 2007.0000 
2015 8 9 12 14 21.00 16980.0000 38540.0000 1980.0000 
2015 8 9 12 15 47.00 16980.0000 38540.0000 1950.0000 
2015 8 9 12 17 13.00 16980.0000 38540.0000 1924.0000 
2015 8 9 12 18 39.00 16990.0000 38540.0000 1897.0000 
2015 8 9 12 20 5.00 16990.0000 38540.0000 1867.0000 
2015 8 9 12 21 31.00 16990.0000 38540.0000 1838.0000 
2015 8 9 12 22 57.00 16990.0000 38540.0000 1808.0000 
2015 8 9 12 24 23.00 16990.0000 38540.0000 1778.0000 
2015 8 9 12 25 49.00 16990.0000 38540.0000 1754.0000 
2015 8 9 12 27 15.00 17000.0000 38540.0000 1723.0000 
2015 8 9 12 28 41.00 17000.0000 38550.0000 1692.0000 
2015 8 9 12 30 7.00 17000.0000 38550.0000 1663.0000 
2015 8 9 12 31 33.00 17000.0000 38550.0000 1635.0000 
2015 8 9 12 32 59.00 17000.0000 38550.0000 1609.0000 
2015 8 9 12 34 25.00 17000.0000 38550.0000 1577.0000 
2015 8 9 12 35 51.00 17010.0000 38550.0000 1545.0000 
2015 8 9 12 37 17.00 17010.0000 38550.0000 1517.0000 
2015 8 9 12 38 43.00 17010.0000 38550.0000 1486.0000 
2015 8 9 12 40 9.00 17010.0000 38550.0000 1456.0000 
2015 8 9 12 41 35.00 17010.0000 38550.0000 1429.0000 
2015 8 9 12 43 1.00 17020.0000 38550.0000 1397.0000 
2015 8 9 12 44 27.00 17020.0000 38550.0000 1369.0000 
2015 8 9 12 45 53.00 17020.0000 38550.0000 1338.0000 
2015 8 9 12 47 19.00 17020.0000 38550.0000 1311.0000 
2015 8 9 12 48 45.00 17020.0000 38550.0000 1279.0000 
2015 8 9 12 50 11.00 17020.0000 38550.0000 1248.0000 
2015 8 9 12 51 37.00 17030.0000 38550.0000 1220.0000 
2015 8 9 12 53 3.00 17030.0000 38550.0000 1189.0000 
2015 8 9 12 54 29.00 17030.0000 38550.0000 1161.0000 
2015 8 9 12 55 55.00 17030.0000 38550.0000 1130.0000 
2015 8 9 12 57 21.00 17030.0000 38550.0000 1098.0000 
2015 8 9 12 58 47.00 17030.0000 38550.0000 1070.0000 
2015 8 9 13 0 13.00 17040.0000 38550.0000 1039.0000 
2015 8 9 13 1 39.00 17040.0000 38550.0000 1011.0000 
2015 8 9 13 3 5.00 17040.0000 38550.0000 979.2000 
2015 8 9 13 4 31.00 17040.0000 38550.0000 947.5000 
2015 8 9 13 5 57.00 17040.0000 38550.0000 919.4000 
2015 8 9 13 7 23.00 17050.0000 38550.0000 887.6000 
2015 8 9 13 8 49.00 17050.0000 38550.0000 859.4000 
2015 8 9 13 10 15.00 17050.0000 38550.0000 827.6000 
2015 8 9 13 11 41.00 17050.0000 38550.0000 795.7000 
2015 8 9 13 13 7.00 17050.0000 38550.0000 767.4000 
2015 8 9 13 14 33.00 17050.0000 38550.0000 735.5000 
2015 8 9 13 16 0.00 17060.0000 38550.0000 706.7000 
2015 8 9 13 17 25.00 17060.0000 38550.0000 674.7000 
2015 8 9 13 18 51.00 17060.0000 38550.0000 642.7000 
2015 8 9 13 20 17.00 17060.0000 38550.0000 614.3000 
2015 8 9 13 21 43.00 17060.0000 38550.0000 582.2000 
2015 8 9 13 23 9.00 17060.0000 38550.0000 553.7000 
2015 8 9 13 24 35.00 17070.0000 38550.0000 521.6000 
2015 8 9 13 26 1.00 17070.0000 38550.0000 489.5000 
2015 8 9 13 27 27.00 17070.0000 38550.0000 460.9000 
2015 8 9 13 28 54.00 17070.0000 38550.0000 428.8000 
2015 8 9 13 30 20.00 17070.0000 38550.0000 400.2000 
2015 8 9 13 31 46.00 17070.0000 38550.0000 368.0000 
2015 8 9 13 33 12.00 17080.0000 38550.0000 335.8000 
2015 8 9 13 34 38.00 17080.0000 38550.0000 307.1000 
2015 8 9 13 36 4.00 17080.0000 38540.0000 274.9000 
2015 8 9 13 37 30.00 17080.0000 38540.0000 242.6000 
2015 8 9 13 38 56.00 17080.0000 38540.0000 214.0000 
2015 8 9 13 41 48.00 17090.0000 38540.0000 170.9000 
2015 8 9 13 43 14.00 17090.0000 38540.0000 120.7000 
2015 8 9 13 44 40.00 17090.0000 38540.0000 88.4500 
2015 8 9 13 46 6.00 17090.0000 38540.0000 59.7500 
2015 8 9 13 47 32.00 17090.0000 38540.0000 27.4600 
2015 8 9 13 48 58.00 17090.0000 38540.0000 -1.2450 
2015 8 9 13 50 24.00 17100.0000 38540.0000 -33.5400 
2015 8 9 13 51 50.00 17100.0000 38540.0000 -65.8300 
2015 8 9 13 53 16.00 17100.0000 38540.0000 -94.5300 
2015 8 9 13 54 42.00 17100.0000 38540.0000 -126.8000 
2015 8 9 13 56 8.00 17100.0000 38540.0000 -155.5000 
2015 8 9 13 57 34.00 17100.0000 38530.0000 -187.8000 
2015 8 9 13 59 0.00 17110.0000 38530.0000 -220.0000 
2015 8 9 14 0 26.00 17110.0000 38530.0000 -248.7000 
2015 8 9 14 1 52.00 17110.0000 38530.0000 -281.0000 
2015 8 9 14 3 18.00 17110.0000 38530.0000 -309.6000 
2015 8 9 14 4 44.00 17110.0000 38530.0000 -341.8000 
2015 8 9 14 6 10.00 17110.0000 38530.0000 -374.0000 
2015 8 9 14 7 36.00 17110.0000 38530.0000 -402.6000 
2015 8 9 14 9 2.00 17120.0000 38530.0000 -434.8000 
2015 8 9 14 10 28.00 17120.0000 38530.0000 -463.4000 
2015 8 9 14 11 54.00 17120.0000 38530.0000 -495.5000 
2015 8 9 14 13 20.00 17120.0000 38520.0000 -527.7000 
2015 8 9 14 14 46.00 17120.0000 38520.0000 -556.2000 
2015 8 9 14 16 12.00 17120.0000 38520.0000 -588.3000 
2015 8 9 14 17 38.00 17120.0000 38520.0000 -616.7000 
2015 8 9 14 19 4.00 17130.0000 38520.0000 -648.8000 
2015 8 9 14 20 30.00 17130.0000 38520.0000 -680.8000 
2015 8 9 14 21 56.00 17130.0000 38520.0000 -709.2000 
2015 8 9 14 23 22.00 17130.0000 38520.0000 -741.1000 
2015 8 9 14 24 48.00 17130.0000 38520.0000 -769.5000 
2015 8 9 14 26 14.00 17130.0000 38510.0000 -801.4000 
2015 8 9 14 27 40.00 17130.0000 38510.0000 -833.2000 
2015 8 9 14 29 6.00 17130.0000 38510.0000 -861.5000 
2015 8 9 14 30 32.00 17140.0000 38510.0000 -893.3000 
2015 8 9 14 31 58.00 17140.0000 38510.0000 -921.5000 
2015 8 9 14 33 24.00 17140.0000 38510.0000 -953.2000 
2015 8 9 14 34 50.00 17140.0000 38510.0000 -984.8000 
2015 8 9 14 36 16.00 17140.0000 38510.0000 -1013.0000 
2015 8 9 14 37 42.00 17140.0000 38500.0000 -1045.0000 
2015 8 9 14 39 8.00 17140.0000 38500.0000 -1073.0000 
2015 8 9 14 40 34.00 17140.0000 38500.0000 -1104.0000 
2015 8 9 14 42 0.00 17150.0000 38500.0000 -1135.0000 
2015 8 9 14 43 27.00 17150.0000 38500.0000 -1163.0000 
2015 8 9 14 44 53.00 17150.0000 38500.0000 -1195.0000 
2015 8 9 14 46 18.00 17150.0000 38500.0000 -1223.0000 
2015 8 9 14 47 44.00 17150.0000 38490.0000 -1254.0000 
2015 8 9 14 49 10.00 17150.0000 38490.0000 -1285.0000 
2015 8 9 14 50 36.00 17150.0000 38490.0000 -1313.0000 
2015 8 9 14 52 2.00 17150.0000 38490.0000 -1344.0000 
2015 8 9 14 53 28.00 17150.0000 38490.0000 -1371.0000 
2015 8 9 14 54 54.00 17150.0000 38490.0000 -1402.0000 
2015 8 9 14 56 21.00 17160.0000 38490.0000 -1433.0000 
2015 8 9 14 57 47.00 17160.0000 38480.0000 -1461.0000 
2015 8 9 14 59 13.00 17160.0000 38480.0000 -1492.0000 
2015 8 9 15 0 39.00 17160.0000 38480.0000 -1519.0000 
2015 8 9 15 2 5.00 17160.0000 38480.0000 -1550.0000 
2015 8 9 15 3 31.00 17160.0000 38480.0000 -1580.0000 
2015 8 9 15 4 57.00 17160.0000 38480.0000 -1607.0000 
2015 8 9 15 6 23.00 17160.0000 38470.0000 -1638.0000 
2015 8 9 15 7 48.00 17160.0000 38470.0000 -1665.0000 
2015 8 9 15 9 15.00 17160.0000 38470.0000 -1694.0000 
2015 8 9 15 10 41.00 17160.0000 38470.0000 -1725.0000 
2015 8 9 15 12 7.00 17160.0000 38470.0000 -1752.0000 
2015 8 9 15 13 33.00 17160.0000 38470.0000 -1782.0000 
2015 8 9 15 14 59.00 17170.0000 38470.0000 -1809.0000 
2015 8 9 15 16 25.00 17170.0000 38460.0000 -1839.0000 
2015 8 9 15 17 51.00 17170.0000 38460.0000 -1869.0000 
2015 8 9 15 19 17.00 17170.0000 38460.0000 -1894.0000 
2015 8 9 15 20 43.00 17170.0000 38460.0000 -1923.0000 
2015 8 9 15 22 9.00 17170.0000 38460.0000 -1952.0000 
2015 8 9 15 23 35.00 17170.0000 38460.0000 -1978.0000 
2015 8 9 15 25 1.00 17170.0000 38450.0000 -2011.0000 
2015 8 9 15 26 27.00 17170.0000 38450.0000 -2033.0000 
2015 8 9 15 27 53.00 17170.0000 38450.0000 -2065.0000 
2015 8 9 15 29 19.00 17170.0000 38450.0000 -2090.0000 
2015 8 9 15 30 45.00 17170.0000 38450.0000 -2119.0000 
2015 8 9 15 32 11.00 17170.0000 38440.0000 -2148.0000 
2015 8 9 15 33 37.00 17170.0000 38440.0000 -2176.0000 
2015 8 9 15 35 3.00 17170.0000 38440.0000 -2202.0000 
2015 8 9 15 36 29.00 17170.0000 38440.0000 -2231.0000 
2015 8 9 15 37 55.00 17170.0000 38440.0000 -2257.0000 
2015 8 9 15 39 21.00 17170.0000 38440.0000 -2288.0000 
2015 8 9 15 40 47.00 17170.0000 38430.0000 -2312.0000 
2015 8 9 15 42 13.00 17170.0000 38430.0000 -2342.0000 
2015 8 9 15 43 39.00 17170.0000 38430.0000 -2367.0000 
2015 8 9 15 45 5.00 17170.0000 38430.0000 -2393.0000 
2015 8 9 15 46 31.00 17170.0000 38430.0000 -2421.0000 
2015 8 9 15 47 57.00 17170.0000 38430.0000 -2448.0000 
2015 8 9 15 49 23.00 17170.0000 38420.0000 -2474.0000 
2015 8 9 15 50 49.00 17180.0000 38420.0000 -2499.0000 
2015 8 9 15 52 15.00 17180.0000 38420.0000 -2529.0000 
2015 8 9 15 53 41.00 17180.0000 38420.0000 -2555.0000 
2015 8 9 15 55 7.00 17180.0000 38420.0000 -2579.0000 
2015 8 9 15 56 33.00 17180.0000 38410.0000 -2609.0000 
2015 8 9 15 57 59.00 17180.0000 38410.0000 -2633.0000 
2015 8 9 15 59 25.00 17180.0000 38410.0000 -2658.0000 
2015 8 9 16 0 51.00 17180.0000 38410.0000 -2684.0000 
2015 8 9 16 2 17.00 17180.0000 38410.0000 -2708.0000 
2015 8 9 16 3 43.00 17180.0000 38410.0000 -2735.0000 
2015 8 9 16 5 9.00 17180.0000 38400.0000 -2759.0000 
2015 8 9 16 6 35.00 17170.0000 38400.0000 -2786.0000 
2015 8 9 16 8 1.00 17170.0000 38400.0000 -2812.0000 
2015 8 9 16 9 27.00 17170.0000 38400.0000 -2837.0000 
2015 8 9 16 10 54.00 17170.0000 38400.0000 -2862.0000 
2015 8 9 16 12 20.00 17170.0000 38400.0000 -2885.0000 
2015 8 9 16 13 45.00 17170.0000 38390.0000 -2914.0000 
2015 8 9 16 15 11.00 17170.0000 38390.0000 -2939.0000 
2015 8 9 16 16 37.00 17170.0000 38390.0000 -2960.0000 
2015 8 9 16 18 3.00 17170.0000 38390.0000 -2987.0000 
2015 8 9 16 19 29.00 17170.0000 38390.0000 -3009.0000 
2015 8 9 16 20 55.00 17170.0000 38390.0000 -3034.0000 
2015 8 9 16 22 21.00 17170.0000 38380.0000 -3060.0000 
2015 8 9 16 23 48.00 17170.0000 38380.0000 -3082.0000 
2015 8 9 16 25 14.00 17170.0000 38380.0000 -3107.0000 
2015 8 9 16 26 40.00 17170.0000 38380.0000 -3130.0000 
2015 8 9 16 28 6.00 17170.0000 38380.0000 -3154.0000 
2015 8 9 16 29 32.00 17170.0000 38370.0000 -3179.0000 
2015 8 9 16 30 58.00 17170.0000 38370.0000 -3201.0000 
2015 8 9 16 32 24.00 17170.0000 38370.0000 -3225.0000 
2015 8 9 16 33 50.00 17170.0000 38370.0000 -3247.0000 
2015 8 9 16 35 16.00 17170.0000 38370.0000 -3271.0000 
2015 8 9 16 36 42.00 17170.0000 38370.0000 -3295.0000 
2015 8 9 16 38 8.00 17170.0000 38360.0000 -3316.0000 
2015 8 9 16 39 34.00 17170.0000 38360.0000 -3340.0000 
2015 8 9 16 41 0.00 17170.0000 38360.0000 -3363.0000 
2015 8 9 16 42 26.00 17160.0000 38360.0000 -3384.0000 
2015 8 9 16 43 52.00 17160.0000 38360.0000 -3408.0000 
2015 8 9 16 45 18.00 17160.0000 38360.0000 -3428.0000 
2015 8 9 16 46 44.00 17160.0000 38350.0000 -3452.0000 
2015 8 9 16 48 10.00 17160.0000 38350.0000 -3475.0000 
2015 8 9 16 49 36.00 17160.0000 38350.0000 -3495.0000 
2015 8 9 16 51 2.00 17160.0000 38350.0000 -3517.0000 
2015 8 9 16 52 28.00 17160.0000 38350.0000 -3541.0000 
2015 8 9 16 53 54.00 17160.0000 38350.0000 -3563.0000 
2015 8 9 16 55 20.00 17160.0000 38340.0000 -3585.0000 
2015 8 9 16 56 46.00 17160.0000 38340.0000 -3605.0000 
2015 8 9 16 58 12.00 17160.0000 38340.0000 -3625.0000 
2015 8 9 16 59 38.00 17150.0000 38340.0000 -3646.0000 
2015 8 9 17 1 4.00 17150.0000 38340.0000 -3665.0000 
2015 8 9 17 2 30.00 17150.0000 38340.0000 -3689.0000 
2015 8 9 17 3 56.00 17150.0000 38340.0000 -3707.0000 
2015 8 9 17 5 22.00 17150.0000 38330.0000 -3727.0000 
2015 8 9 17 6 48.00 17150.0000 38330.0000 -3748.0000 
2015 8 9 17 8 14.00 17150.0000 38330.0000 -3768.0000 
2015 8 9 17 9 40.00 17150.0000 38330.0000 -3789.0000 
2015 8 9 17 11 6.00 17150.0000 38330.0000 -3808.0000 
2015 8 9 17 12 32.00 17150.0000 38330.0000 -3828.0000 
2015 8 9 17 13 58.00 17140.0000 38330.0000 -3845.0000 
2015 8 9 17 15 24.00 17140.0000 38320.0000 -3866.0000 
2015 8 9 17 16 50.00 17140.0000 38320.0000 -3886.0000 
2015 8 9 17 18 16.00 17140.0000 38320.0000 -3902.0000 
2015 8 9 17 19 42.00 17140.0000 38320.0000 -3923.0000 
2015 8 9 17 21 8.00 17140.0000 38320.0000 -3940.0000 
2015 8 9 17 22 34.00 17140.0000 38320.0000 -3957.0000 
2015 8 9 17 24 0.00 17140.0000 38320.0000 -3976.0000 
2015 8 9 17 25 26.00 17140.0000 38310.0000 -3993.0000 
2015 8 9 17 26 52.00 17130.0000 38310.0000 -4012.0000 
2015 8 9 17 28 18.00 17130.0000 38310.0000 -4030.0000 
2015 8 9 17 29 44.00 17130.0000 38310.0000 -4048.0000 
2015 8 9 17 31 10.00 17130.0000 38310.0000 -4066.0000 
2015 8 9 17 32 36.00 17130.0000 38310.0000 -4081.0000 
2015 8 9 17 34 2.00 17130.0000 38310.0000 -4099.0000 
2015 8 9 17 35 28.00 17130.0000 38310.0000 -4117.0000 
2015 8 9 17 36 54.00 17120.0000 38300.0000 -4135.0000 
2015 8 9 17 38 20.00 17120.0000 38300.0000 -4152.0000 
2015 8 9 17 39 47.00 17120.0000 38300.0000 -4165.0000 
2015 8 9 17 41 13.00 17120.0000 38300.0000 -4185.0000 
2015 8 9 17 42 38.00 17120.0000 38300.0000 -4200.0000 
2015 8 9 17 44 4.00 17120.0000 38300.0000 -4214.0000 
2015 8 9 17 45 30.00 17120.0000 38300.0000 -4233.0000 
2015 8 9 17 46 56.00 17110.0000 38300.0000 -4248.0000 
2015 8 9 17 48 22.00 17110.0000 38300.0000 -4261.0000 
2015 8 9 17 49 48.00 17110.0000 38300.0000 -4277.0000 
2015 8 9 17 51 14.00 17110.0000 38290.0000 -4294.0000 
2015 8 9 17 52 41.00 17110.0000 38290.0000 -4309.0000 
2015 8 9 17 54 7.00 17110.0000 38290.0000 -4323.0000 
2015 8 9 17 55 33.00 17110.0000 38290.0000 -4337.0000 
2015 8 9 17 56 59.00 17100.0000 38290.0000 -4352.0000 
2015 8 9 17 58 25.00 17100.0000 38290.0000 -4367.0000 
2015 8 9 17 59 51.00 17100.0000 38290.0000 -4381.0000 
2015 8 9 18 1 17.00 17100.0000 38290.0000 -4393.0000 
2015 8 9 18 2 43.00 17100.0000 38290.0000 -4409.0000 
2015 8 9 18 4 9.00 17100.0000 38290.0000 -4421.0000 
2015 8 9 18 5 35.00 17090.0000 38280.0000 -4436.0000 
2015 8 9 18 7 1.00 17090.0000 38280.0000 -4450.0000 
2015 8 9 18 8 27.00 17090.0000 38280.0000 -4460.0000 
2015 8 9 18 9 53.00 17090.0000 38280.0000 -4475.0000 
2015 8 9 18 11 19.00 17090.0000 38280.0000 -4486.0000 
2015 8 9 18 12 45.00 17090.0000 38280.0000 -4500.0000 
2015 8 9 18 14 11.00 17080.0000 38280.0000 -4513.0000 
2015 8 9 18 15 37.00 17080.0000 38280.0000 -4525.0000 
2015 8 9 18 17 3.00 17080.0000 38280.0000 -4537.0000 
2015 8 9 18 18 29.00 17080.0000 38280.0000 -4547.0000 
2015 8 9 18 19 55.00 17080.0000 38280.0000 -4559.0000 
2015 8 9 18 21 21.00 17080.0000 38280.0000 -4571.0000 
2015 8 9 18 22 47.00 17070.0000 38280.0000 -4583.0000 
2015 8 9 18 24 13.00 17070.0000 38280.0000 -4593.0000 
2015 8 9 18 25 39.00 17070.0000 38280.0000 -4606.0000 
2015 8 9 18 27 5.00 17070.0000 38280.0000 -4615.0000 
2015 8 9 18 28 31.00 17070.0000 38270.0000 -4627.0000 
2015 8 9 18 29 57.00 17070.0000 38270.0000 -4637.0000 
2015 8 9 18 31 23.00 17060.0000 38270.0000 -4648.0000 
2015 8 9 18 32 49.00 17060.0000 38270.0000 -4654.0000 
2015 8 9 18 34 15.00 17060.0000 38270.0000 -4666.0000 
2015 8 9 18 35 41.00 17060.0000 38270.0000 -4677.0000 
2015 8 9 18 37 7.00 17060.0000 38270.0000 -4685.0000 
2015 8 9 18 38 33.00 17060.0000 38270.0000 -4695.0000 
2015 8 9 18 39 59.00 17050.0000 38270.0000 -4704.0000 
2015 8 9 18 41 25.00 17050.0000 38270.0000 -4714.0000 
2015 8 9 18 42 51.00 17050.0000 38270.0000 -4723.0000 
2015 8 9 18 44 17.00 17050.0000 38270.0000 -4730.0000 
2015 8 9 18 45 43.00 17050.0000 38270.0000 -4739.0000 
2015 8 9 18 47 9.00 17040.0000 38270.0000 -4746.0000 
2015 8 9 18 48 35.00 17040.0000 38270.0000 -4756.0000 
2015 8 9 18 50 1.00 17040.0000 38270.0000 -4762.0000 
2015 8 9 18 51 27.00 17040.0000 38270.0000 -4771.0000 
2015 8 9 18 52 53.00 17040.0000 38270.0000 -4778.0000 
2015 8 9 18 54 19.00 17040.0000 38270.0000 -4785.0000 
2015 8 9 18 55 45.00 17030.0000 38270.0000 -4792.0000 
2015 8 9 18 57 11.00 17030.0000 38270.0000 -4799.0000 
2015 8 9 18 58 37.00 17030.0000 38270.0000 -4805.0000 
2015 8 9 19 0 3.00 17030.0000 38270.0000 -4812.0000 
2015 8 9 19 1 29.00 17030.0000 38270.0000 -4819.0000 
2015 8 9 19 2 55.00 17020.0000 38270.0000 -4825.0000 
2015 8 9 19 4 21.00 17020.0000 38270.0000 -4831.0000 
2015 8 9 19 5 47.00 17020.0000 38270.0000 -4837.0000 
2015 8 9 19 7 14.00 17020.0000 38270.0000 -4842.0000 
2015 8 9 19 8 40.00 17020.0000 38270.0000 -4848.0000 
2015 8 9 19 10 6.00 17020.0000 38270.0000 -4852.0000 
2015 8 9 19 11 32.00 17010.0000 38270.0000 -4858.0000 
2015 8 9 19 12 57.00 17010.0000 38270.0000 -4863.0000 
2015 8 9 19 14 23.00 17010.0000 38270.0000 -4867.0000 
2015 8 9 19 15 49.00 17010.0000 38270.0000 -4872.0000 
2015 8 9 19 17 15.00 17010.0000 38270.0000 -4876.0000 
2015 8 9 19 18 41.00 17000.0000 38270.0000 -4880.0000 
2015 8 9 19 20 8.00 17000.0000 38270.0000 -4883.0000 
2015 8 9 19 21 34.00 17000.0000 38270.0000 -4887.0000 
2015 8 9 19 23 0.00 17000.0000 38270.0000 -4890.0000 
2015 8 9 19 24 26.00 17000.0000 38270.0000 -4894.0000 
2015 8 9 19 25 52.00 17000.0000 38270.0000 -4897.0000 
2015 8 9 19 27 18.00 16990.0000 38270.0000 -4900.0000 
2015 8 9 19 28 44.00 16990.0000 38280.0000 -4903.0000 
2015 8 9 19 30 10.00 16990.0000 38280.0000 -4905.0000 
2015 8 9 19 31 36.00 16990.0000 38280.0000 -4907.0000 
2015 8 9 19 33 2.00 16990.0000 38280.0000 -4910.0000 
2015 8 9 19 34 28.00 16990.0000 38280.0000 -4911.0000 
2015 8 9 19 35 54.00 16980.0000 38280.0000 -4913.0000 
2015 8 9 19 37 20.00 16980.0000 38280.0000 -4915.0000 
2015 8 9 19 38 46.00 16980.0000 38280.0000 -4916.0000 
2015 8 9 19 40 12.00 16980.0000 38280.0000 -4917.0000 
2015 8 9 19 41 38.00 16980.0000 38280.0000 -4918.0000 
2015 8 9 19 43 4.00 16980.0000 38280.0000 -4919.0000 
2015 8 9 19 44 30.00 16970.0000 38280.0000 -4919.0000 
2015 8 9 19 45 56.00 16970.0000 38280.0000 -4920.0000 
2015 8 9 19 47 22.00 16970.0000 38280.0000 -4920.0000 
2015 8 9 19 48 48.00 16970.0000 38280.0000 -4920.0000 
2015 8 9 19 50 14.00 16970.0000 38280.0000 -4920.0000 
2015 8 9 19 51 40.00 16970.0000 38290.0000 -4919.0000 
2015 8 9 19 53 6.00 16960.0000 38290.0000 -4919.0000 
2015 8 9 19 54 32.00 16960.0000 38290.0000 -4918.0000 
2015 8 9 19 55 58.00 16960.0000 38290.0000 -4917.0000 
2015 8 9 19 57 24.00 16960.0000 38290.0000 -4916.0000 
2015 8 9 19 58 50.00 16960.0000 38290.0000 -4914.0000 
2015 8 9 20 0 16.00 16960.0000 38290.0000 -4913.0000 
2015 8 9 20 1 42.00 16950.0000 38290.0000 -4911.0000 
2015 8 9 20 3 8.00 16950.0000 38290.0000 -4909.0000 
2015 8 9 20 4 34.00 16950.0000 38290.0000 -4907.0000 
2015 8 9 20 6 0.00 16950.0000 38290.0000 -4905.0000 
2015 8 9 20 7 26.00 16950.0000 38300.0000 -4902.0000 
2015 8 9 20 8 52.00 16950.0000 38300.0000 -4899.0000 
2015 8 9 20 10 18.00 16950.0000 38300.0000 -4897.0000 
2015 8 9 20 11 44.00 16940.0000 38300.0000 -4893.0000 
2015 8 9 20 13 10.00 16940.0000 38300.0000 -4890.0000 
2015 8 9 20 14 36.00 16940.0000 38300.0000 -4887.0000 
2015 8 9 20 16 2.00 16940.0000 38300.0000 -4883.0000 
2015 8 9 20 17 28.00 16940.0000 38300.0000 -4879.0000 
2015 8 9 20 18 54.00 16940.0000 38300.0000 -4875.0000 
2015 8 9 20 20 20.00 16940.0000 38310.0000 -4870.0000 
2015 8 9 20 21 46.00 16930.0000 38310.0000 -4867.0000 
2015 8 9 20 23 12.00 16930.0000 38310.0000 -4862.0000 
2015 8 9 20 24 38.00 16930.0000 38310.0000 -4857.0000 
2015 8 9 20 26 4.00 16930.0000 38310.0000 -4852.0000 
2015 8 9 20 27 30.00 16930.0000 38310.0000 -4846.0000 
2015 8 9 20 28 56.00 16930.0000 38310.0000 -4841.0000 
2015 8 9 20 30 22.00 16930.0000 38310.0000 -4836.0000 
2015 8 9 20 31 48.00 16930.0000 38320.0000 -4830.0000 
2015 8 9 20 33 14.00 16920.0000 38320.0000 -4824.0000 
2015 8 9 20 34 41.00 16920.0000 38320.0000 -4817.0000 
2015 8 9 20 36 7.00 16920.0000 38320.0000 -4811.0000 
2015 8 9 20 37 33.00 16920.0000 38320.0000 -4805.0000 
2015 8 9 20 38 59.00 16920.0000 38320.0000 -4799.0000 
2015 8 9 20 40 25.00 16920.0000 38320.0000 -4796.0000 
2015 8 9 20 41 50.00 16920.0000 38330.0000 -4784.0000 
2015 8 9 20 43 16.00 16920.0000 38330.0000 -4777.0000 
2015 8 9 20 44 42.00 16910.0000 38330.0000 -4769.0000 
2015 8 9 20 46 8.00 16910.0000 38330.0000 -4762.0000 
2015 8 9 20 47 35.00 16910.0000 38330.0000 -4754.0000 
2015 8 9 20 49 1.00 16910.0000 38330.0000 -4745.0000 
2015 8 9 20 50 27.00 16910.0000 38330.0000 -4738.0000 
2015 8 9 20 51 53.00 16910.0000 38340.0000 -4729.0000 
2015 8 9 20 53 19.00 16910.0000 38340.0000 -4721.0000 
2015 8 9 20 54 45.00 16910.0000 38340.0000 -4711.0000 
2015 8 9 20 56 11.00 16910.0000 38340.0000 -4703.0000 
2015 8 9 20 57 37.00 16910.0000 38340.0000 -4694.0000 
2015 8 9 20 59 3.00 16910.0000 38340.0000 -4685.0000 
2015 8 9 21 0 29.00 16900.0000 38350.0000 -4675.0000 
2015 8 9 21 1 55.00 16900.0000 38350.0000 -4664.0000 
2015 8 9 21 3 21.00 16900.0000 38350.0000 -4656.0000 
2015 8 9 21 4 47.00 16900.0000 38350.0000 -4646.0000 
2015 8 9 21 6 13.00 16900.0000 38350.0000 -4635.0000 
2015 8 9 21 7 39.00 16900.0000 38350.0000 -4625.0000 
2015 8 9 21 9 5.00 16900.0000 38350.0000 -4613.0000 
2015 8 9 21 10 31.00 16900.0000 38360.0000 -4604.0000 
2015 8 9 21 11 57.00 16900.0000 38360.0000 -4593.0000 
2015 8 9 21 13 23.00 16900.0000 38360.0000 -4580.0000 
2015 8 9 21 14 49.00 16900.0000 38360.0000 -4570.0000 
2015 8 9 21 16 15.00 16900.0000 38360.0000 -4559.0000 
2015 8 9 21 17 41.00 16900.0000 38360.0000 -4545.0000 
2015 8 9 21 19 7.00 16890.0000 38370.0000 -4534.0000 
2015 8 9 21 20 33.00 16890.0000 38370.0000 -4523.0000 
2015 8 9 21 21 59.00 16890.0000 38370.0000 -4510.0000 
2015 8 9 21 23 25.00 16890.0000 38370.0000 -4499.0000 
2015 8 9 21 24 51.00 16890.0000 38370.0000 -4483.0000 
2015 8 9 21 26 17.00 16890.0000 38380.0000 -4472.0000 
2015 8 9 21 27 43.00 16890.0000 38380.0000 -4460.0000 
2015 8 9 21 29 9.00 16890.0000 38380.0000 -4448.0000 
2015 8 9 21 30 35.00 16890.0000 38380.0000 -4434.0000 
2015 8 9 21 32 1.00 16890.0000 38380.0000 -4420.0000 
2015 8 9 21 33 27.00 16890.0000 38380.0000 -4407.0000 
2015 8 9 21 34 53.00 16890.0000 38390.0000 -4393.0000 
2015 8 9 21 36 19.00 16890.0000 38390.0000 -4388.0000 
2015 8 9 21 37 45.00 16890.0000 38390.0000 -4363.0000 
2015 8 9 21 39 11.00 16890.0000 38390.0000 -4349.0000 
2015 8 9 21 40 37.00 16890.0000 38390.0000 -4335.0000 
2015 8 9 21 42 3.00 16890.0000 38390.0000 -4322.0000 
2015 8 9 21 43 29.00 16890.0000 38400.0000 -4308.0000 
2015 8 9 21 44 55.00 16890.0000 38400.0000 -4292.0000 
2015 8 9 21 46 21.00 16890.0000 38400.0000 -4274.0000 
2015 8 9 21 47 48.00 16890.0000 38400.0000 -4260.0000 
2015 8 9 21 49 13.00 16890.0000 38400.0000 -4246.0000 
2015 8 9 21 50 39.00 16890.0000 38410.0000 -4229.0000 
2015 8 9 21 52 5.00 16890.0000 38410.0000 -4213.0000 
2015 8 9 21 53 31.00 16890.0000 38410.0000 -4195.0000 
2015 8 9 21 54 57.00 16890.0000 38410.0000 -4183.0000 
2015 8 9 21 56 23.00 16890.0000 38410.0000 -4163.0000 
2015 8 9 21 57 49.00 16890.0000 38410.0000 -4148.0000 
2015 8 9 21 59 15.00 16890.0000 38420.0000 -4130.0000 
2015 8 9 22 0 42.00 16890.0000 38420.0000 -4115.0000 
2015 8 9 22 2 8.00 16890.0000 38420.0000 -4097.0000 
2015 8 9 22 3 34.00 16890.0000 38420.0000 -4079.0000 
2015 8 9 22 5 0.00 16890.0000 38420.0000 -4063.0000 
2015 8 9 22 6 26.00 16890.0000 38430.0000 -4046.0000 
2015 8 9 22 7 52.00 16890.0000 38430.0000 -4026.0000 
2015 8 9 22 9 18.00 16890.0000 38430.0000 -4022.0000 
2015 8 9 22 10 43.00 16890.0000 38430.0000 -3993.0000 
2015 8 9 22 12 9.00 16890.0000 38430.0000 -3974.0000 
2015 8 9 22 13 36.00 16890.0000 38430.0000 -3955.0000 
2015 8 9 22 15 2.00 16890.0000 38440.0000 -3935.0000 
2015 8 9 22 16 28.00 16890.0000 38440.0000 -3921.0000 
2015 8 9 22 17 54.00 16890.0000 38440.0000 -3901.0000 
2015 8 9 22 19 20.00 16890.0000 38440.0000 -3884.0000 
2015 8 9 22 20 46.00 16890.0000 38440.0000 -3862.0000 
2015 8 9 22 22 12.00 16890.0000 38450.0000 -3841.0000 
2015 8 9 22 23 38.00 16890.0000 38450.0000 -3823.0000 
2015 8 9 22 25 4.00 16890.0000 38450.0000 -3802.0000 
2015 8 9 22 26 30.00 16890.0000 38450.0000 -3787.0000 
2015 8 9 22 27 56.00 16890.0000 38450.0000 -3766.0000 
2015 8 9 22 29 22.00 16890.0000 38450.0000 -3743.0000 
2015 8 9 22 30 48.00 16890.0000 38460.0000 -3724.0000 
2015 8 9 22 32 14.00 16890.0000 38460.0000 -3703.0000 
2015 8 9 22 33 40.00 16890.0000 38460.0000 -3684.0000 
2015 8 9 22 35 6.00 16890.0000 38460.0000 -3662.0000 
2015 8 9 22 36 32.00 16900.0000 38460.0000 -3641.0000 
2015 8 9 22 37 58.00 16900.0000 38460.0000 -3621.0000 
2015 8 9 22 39 24.00 16900.0000 38470.0000 -3599.0000 
2015 8 9 22 40 50.00 16900.0000 38470.0000 -3577.0000 
2015 8 9 22 42 16.00 16900.0000 38470.0000 -3561.0000 
2015 8 9 22 43 42.00 16900.0000 38470.0000 -3535.0000 
2015 8 9 22 45 8.00 16900.0000 38470.0000 -3515.0000 
2015 8 9 22 46 34.00 16900.0000 38470.0000 -3492.0000 
2015 8 9 22 48 0.00 16900.0000 38480.0000 -3470.0000 
2015 8 9 22 49 26.00 16900.0000 38480.0000 -3452.0000 
2015 8 9 22 50 52.00 16900.0000 38480.0000 -3426.0000 
2015 8 9 22 52 18.00 16900.0000 38480.0000 -3405.0000 
2015 8 9 22 53 44.00 16900.0000 38480.0000 -3385.0000 
2015 8 9 22 55 10.00 16900.0000 38480.0000 -3359.0000 
2015 8 9 22 56 36.00 16910.0000 38490.0000 -3341.0000 
2015 8 9 22 58 2.00 16910.0000 38490.0000 -3314.0000 
2015 8 9 22 59 28.00 16910.0000 38490.0000 -3296.0000 
2015 8 9 23 0 54.00 16910.0000 38490.0000 -3271.0000 
2015 8 9 23 2 20.00 16910.0000 38490.0000 -3244.0000 
2015 8 9 23 3 46.00 16910.0000 38490.0000 -3226.0000 
2015 8 9 23 5 12.00 16910.0000 38490.0000 -3209.0000 
2015 8 9 23 6 38.00 16910.0000 38500.0000 -3179.0000 
2015 8 9 23 8 4.00 16910.0000 38500.0000 -3151.0000 
2015 8 9 23 9 30.00 16910.0000 38500.0000 -3127.0000 
2015 8 9 23 10 56.00 16920.0000 38500.0000 -3118.0000 
2015 8 9 23 12 22.00 16920.0000 38500.0000 -3079.0000 
2015 8 9 23 13 48.00 16920.0000 38500.0000 -3057.0000 
2015 8 9 23 15 15.00 16920.0000 38510.0000 -3035.0000 
2015 8 9 23 16 41.00 16920.0000 38510.0000 -3009.0000 
2015 8 9 23 18 6.00 16920.0000 38510.0000 -2986.0000 
2015 8 9 23 19 32.00 16920.0000 38510.0000 -2957.0000 
2015 8 9 23 20 58.00 16920.0000 38510.0000 -2934.0000 
2015 8 9 23 22 24.00 16930.0000 38510.0000 -2908.0000 
2015 8 9 23 23 50.00 16930.0000 38510.0000 -2882.0000 
2015 8 9 23 25 16.00 16930.0000 38510.0000 -2861.0000 
2015 8 9 23 26 42.00 16930.0000 38520.0000 -2852.0000 
2015 8 9 23 28 9.00 16930.0000 38520.0000 -2810.0000 
2015 8 9 23 29 35.00 16930.0000 38520.0000 -2784.0000 
2015 8 9 23 31 1.00 16930.0000 38520.0000 -2759.0000 
2015 8 9 23 32 27.00 16930.0000 38520.0000 -2732.0000 
2015 8 9 23 33 53.00 16940.0000 38520.0000 -2705.0000 
2015 8 9 23 35 19.00 16940.0000 38520.0000 -2685.0000 
2015 8 9 23 36 45.00 16940.0000 38520.0000 -2658.0000 
2015 8 9 23 38 11.00 16940.0000 38530.0000 -2627.0000 
2015 8 9 23 39 37.00 16940.0000 38530.0000 -2604.0000 
2015 8 9 23 41 3.00 16940.0000 38530.0000 -2575.0000 
2015 8 9 23 42 29.00 16940.0000 38530.0000 -2554.0000 
2015 8 9 23 43 55.00 16950.0000 38530.0000 -2523.0000 
2015 8 9 23 45 21.00 16950.0000 38530.0000 -2497.0000 
2015 8 9 23 46 47.00 16950.0000 38530.0000 -2474.0000 
2015 8 9 23 48 13.00 16950.0000 38530.0000 -2442.0000 
2015 8 9 23 49 39.00 16950.0000 38530.0000 -2419.0000 
2015 8 9 23 51 5.00 16950.0000 38540.0000 -2393.0000 
2015 8 9 23 52 31.00 16950.0000 38540.0000 -2365.0000 
2015 8 9 23 53 57.00 16960.0000 38540.0000 -2338.0000 
2015 8 9 23 55 23.00 16960.0000 38540.0000 -2308.0000 
2015 8 9 23 56 49.00 16960.0000 38540.0000 -2303.0000 
2015 8 9 23 58 15.00 16960.0000 38540.0000 -2253.0000 
2015 8 9 23 59 41.00 16960.0000 38540.0000 -2224.0000 
