2015 8 9 0 0 17.00 -40330.0000 -10340.0000 6641.0000 
2015 8 9 0 1 43.00 -40330.0000 -10330.0000 6665.0000 
2015 8 9 0 3 9.00 -40330.0000 -10330.0000 6651.0000 
2015 8 9 0 4 35.00 -40340.0000 -10330.0000 6637.0000 
2015 8 9 0 6 2.00 -40340.0000 -10340.0000 6620.0000 
2015 8 9 0 7 28.00 -40340.0000 -10340.0000 6605.0000 
2015 8 9 0 8 53.00 -40340.0000 -10340.0000 6588.0000 
2015 8 9 0 10 19.00 -40340.0000 -10350.0000 6570.0000 
2015 8 9 0 11 45.00 -40340.0000 -10350.0000 6553.0000 
2015 8 9 0 13 11.00 -40350.0000 -10350.0000 6536.0000 
2015 8 9 0 14 37.00 -40350.0000 -10360.0000 6520.0000 
2015 8 9 0 16 3.00 -40350.0000 -10360.0000 6501.0000 
2015 8 9 0 17 29.00 -40350.0000 -10360.0000 6484.0000 
2015 8 9 0 18 56.00 -40350.0000 -10370.0000 6465.0000 
2015 8 9 0 20 22.00 -40360.0000 -10370.0000 6445.0000 
2015 8 9 0 21 48.00 -40360.0000 -10370.0000 6426.0000 
2015 8 9 0 23 14.00 -40360.0000 -10380.0000 6406.0000 
2015 8 9 0 24 40.00 -40360.0000 -10380.0000 6386.0000 
2015 8 9 0 26 6.00 -40370.0000 -10380.0000 6368.0000 
2015 8 9 0 27 32.00 -40370.0000 -10380.0000 6347.0000 
2015 8 9 0 28 58.00 -40370.0000 -10390.0000 6328.0000 
2015 8 9 0 30 23.00 -40370.0000 -10390.0000 6307.0000 
2015 8 9 0 31 50.00 -40380.0000 -10390.0000 6285.0000 
2015 8 9 0 33 16.00 -40380.0000 -10400.0000 6265.0000 
2015 8 9 0 34 42.00 -40380.0000 -10400.0000 6243.0000 
2015 8 9 0 36 8.00 -40380.0000 -10400.0000 6223.0000 
2015 8 9 0 37 34.00 -40390.0000 -10400.0000 6201.0000 
2015 8 9 0 39 0.00 -40390.0000 -10410.0000 6179.0000 
2015 8 9 0 40 26.00 -40390.0000 -10410.0000 6161.0000 
2015 8 9 0 41 52.00 -40390.0000 -10410.0000 6137.0000 
2015 8 9 0 43 18.00 -40400.0000 -10410.0000 6114.0000 
2015 8 9 0 44 44.00 -40400.0000 -10420.0000 6090.0000 
2015 8 9 0 46 10.00 -40400.0000 -10420.0000 6067.0000 
2015 8 9 0 47 36.00 -40400.0000 -10420.0000 6049.0000 
2015 8 9 0 49 2.00 -40410.0000 -10420.0000 6024.0000 
2015 8 9 0 50 28.00 -40410.0000 -10430.0000 6002.0000 
2015 8 9 0 51 54.00 -40410.0000 -10430.0000 5976.0000 
2015 8 9 0 53 20.00 -40420.0000 -10430.0000 5951.0000 
2015 8 9 0 54 46.00 -40420.0000 -10430.0000 5929.0000 
2015 8 9 0 56 12.00 -40420.0000 -10440.0000 5901.0000 
2015 8 9 0 57 38.00 -40430.0000 -10440.0000 5877.0000 
2015 8 9 0 59 4.00 -40430.0000 -10440.0000 5853.0000 
2015 8 9 1 0 30.00 -40430.0000 -10440.0000 5826.0000 
2015 8 9 1 1 56.00 -40430.0000 -10450.0000 5802.0000 
2015 8 9 1 3 22.00 -40440.0000 -10450.0000 5774.0000 
2015 8 9 1 4 48.00 -40440.0000 -10450.0000 5749.0000 
2015 8 9 1 6 14.00 -40440.0000 -10450.0000 5721.0000 
2015 8 9 1 7 40.00 -40450.0000 -10450.0000 5694.0000 
2015 8 9 1 9 6.00 -40450.0000 -10460.0000 5670.0000 
2015 8 9 1 10 32.00 -40450.0000 -10460.0000 5645.0000 
2015 8 9 1 11 58.00 -40460.0000 -10460.0000 5619.0000 
2015 8 9 1 13 24.00 -40460.0000 -10460.0000 5590.0000 
2015 8 9 1 14 50.00 -40460.0000 -10460.0000 5559.0000 
2015 8 9 1 16 16.00 -40470.0000 -10460.0000 5536.0000 
2015 8 9 1 17 42.00 -40470.0000 -10470.0000 5506.0000 
2015 8 9 1 19 8.00 -40470.0000 -10470.0000 5480.0000 
2015 8 9 1 20 34.00 -40480.0000 -10470.0000 5450.0000 
2015 8 9 1 22 0.00 -40480.0000 -10470.0000 5420.0000 
2015 8 9 1 23 26.00 -40480.0000 -10470.0000 5390.0000 
2015 8 9 1 24 52.00 -40490.0000 -10470.0000 5362.0000 
2015 8 9 1 26 18.00 -40490.0000 -10480.0000 5333.0000 
2015 8 9 1 27 44.00 -40490.0000 -10480.0000 5301.0000 
2015 8 9 1 29 10.00 -40500.0000 -10480.0000 5270.0000 
2015 8 9 1 30 36.00 -40500.0000 -10480.0000 5243.0000 
2015 8 9 1 32 3.00 -40510.0000 -10480.0000 5211.0000 
2015 8 9 1 33 29.00 -40510.0000 -10480.0000 5188.0000 
2015 8 9 1 34 55.00 -40510.0000 -10480.0000 5151.0000 
2015 8 9 1 36 21.00 -40520.0000 -10480.0000 5123.0000 
2015 8 9 1 37 46.00 -40520.0000 -10480.0000 5094.0000 
2015 8 9 1 39 12.00 -40520.0000 -10490.0000 5058.0000 
2015 8 9 1 40 38.00 -40530.0000 -10490.0000 5032.0000 
2015 8 9 1 42 4.00 -40530.0000 -10490.0000 4998.0000 
2015 8 9 1 43 30.00 -40530.0000 -10490.0000 4965.0000 
2015 8 9 1 44 57.00 -40540.0000 -10490.0000 4935.0000 
2015 8 9 1 46 23.00 -40540.0000 -10490.0000 4901.0000 
2015 8 9 1 47 49.00 -40540.0000 -10490.0000 4871.0000 
2015 8 9 1 49 15.00 -40550.0000 -10490.0000 4835.0000 
2015 8 9 1 50 41.00 -40550.0000 -10490.0000 4800.0000 
2015 8 9 1 52 7.00 -40560.0000 -10490.0000 4769.0000 
2015 8 9 1 53 33.00 -40560.0000 -10490.0000 4735.0000 
2015 8 9 1 54 59.00 -40560.0000 -10490.0000 4704.0000 
2015 8 9 1 56 25.00 -40570.0000 -10490.0000 4669.0000 
2015 8 9 1 57 51.00 -40570.0000 -10500.0000 4633.0000 
2015 8 9 1 59 17.00 -40570.0000 -10500.0000 4602.0000 
2015 8 9 2 0 43.00 -40580.0000 -10500.0000 4566.0000 
2015 8 9 2 2 9.00 -40580.0000 -10500.0000 4531.0000 
2015 8 9 2 3 35.00 -40590.0000 -10500.0000 4499.0000 
2015 8 9 2 5 1.00 -40590.0000 -10500.0000 4467.0000 
2015 8 9 2 6 27.00 -40590.0000 -10500.0000 4434.0000 
2015 8 9 2 7 53.00 -40600.0000 -10500.0000 4398.0000 
2015 8 9 2 9 19.00 -40600.0000 -10500.0000 4362.0000 
2015 8 9 2 10 45.00 -40600.0000 -10500.0000 4328.0000 
2015 8 9 2 12 11.00 -40610.0000 -10500.0000 4290.0000 
2015 8 9 2 13 37.00 -40610.0000 -10500.0000 4258.0000 
2015 8 9 2 15 3.00 -40620.0000 -10500.0000 4216.0000 
2015 8 9 2 16 29.00 -40620.0000 -10500.0000 4183.0000 
2015 8 9 2 17 55.00 -40620.0000 -10500.0000 4145.0000 
2015 8 9 2 19 21.00 -40630.0000 -10500.0000 4107.0000 
2015 8 9 2 20 47.00 -40630.0000 -10500.0000 4073.0000 
2015 8 9 2 22 13.00 -40630.0000 -10490.0000 4034.0000 
2015 8 9 2 23 39.00 -40640.0000 -10490.0000 4000.0000 
2015 8 9 2 25 5.00 -40640.0000 -10490.0000 3961.0000 
2015 8 9 2 26 31.00 -40650.0000 -10490.0000 3930.0000 
2015 8 9 2 27 57.00 -40650.0000 -10490.0000 3895.0000 
2015 8 9 2 29 23.00 -40650.0000 -10490.0000 3856.0000 
2015 8 9 2 30 49.00 -40660.0000 -10490.0000 3814.0000 
2015 8 9 2 32 15.00 -40660.0000 -10490.0000 3781.0000 
2015 8 9 2 33 41.00 -40660.0000 -10490.0000 3735.0000 
2015 8 9 2 35 7.00 -40670.0000 -10490.0000 3700.0000 
2015 8 9 2 36 33.00 -40670.0000 -10490.0000 3662.0000 
2015 8 9 2 37 59.00 -40680.0000 -10490.0000 3624.0000 
2015 8 9 2 39 25.00 -40680.0000 -10490.0000 3584.0000 
2015 8 9 2 40 51.00 -40680.0000 -10490.0000 3544.0000 
2015 8 9 2 42 17.00 -40690.0000 -10480.0000 3514.0000 
2015 8 9 2 43 43.00 -40690.0000 -10480.0000 3468.0000 
2015 8 9 2 45 9.00 -40690.0000 -10480.0000 3431.0000 
2015 8 9 2 46 35.00 -40700.0000 -10480.0000 3390.0000 
2015 8 9 2 48 1.00 -40700.0000 -10480.0000 3349.0000 
2015 8 9 2 49 27.00 -40700.0000 -10480.0000 3313.0000 
2015 8 9 2 50 53.00 -40710.0000 -10480.0000 3272.0000 
2015 8 9 2 52 19.00 -40710.0000 -10480.0000 3235.0000 
2015 8 9 2 53 45.00 -40710.0000 -10470.0000 3193.0000 
2015 8 9 2 55 11.00 -40720.0000 -10470.0000 3152.0000 
2015 8 9 2 56 37.00 -40720.0000 -10470.0000 3122.0000 
2015 8 9 2 58 3.00 -40720.0000 -10470.0000 3072.0000 
2015 8 9 2 59 29.00 -40730.0000 -10470.0000 3039.0000 
2015 8 9 3 0 56.00 -40730.0000 -10470.0000 2998.0000 
2015 8 9 3 2 22.00 -40730.0000 -10470.0000 2958.0000 
2015 8 9 3 3 48.00 -40740.0000 -10460.0000 2919.0000 
2015 8 9 3 5 14.00 -40740.0000 -10460.0000 2873.0000 
2015 8 9 3 6 40.00 -40740.0000 -10460.0000 2839.0000 
2015 8 9 3 8 5.00 -40750.0000 -10460.0000 2796.0000 
2015 8 9 3 9 31.00 -40750.0000 -10460.0000 2753.0000 
2015 8 9 3 10 57.00 -40750.0000 -10460.0000 2715.0000 
2015 8 9 3 12 23.00 -40760.0000 -10450.0000 2671.0000 
2015 8 9 3 13 50.00 -40760.0000 -10450.0000 2633.0000 
2015 8 9 3 15 16.00 -40760.0000 -10450.0000 2586.0000 
2015 8 9 3 16 42.00 -40770.0000 -10450.0000 2543.0000 
2015 8 9 3 18 8.00 -40770.0000 -10440.0000 2503.0000 
2015 8 9 3 19 34.00 -40770.0000 -10440.0000 2460.0000 
2015 8 9 3 21 0.00 -40780.0000 -10440.0000 2416.0000 
2015 8 9 3 22 26.00 -40780.0000 -10440.0000 2377.0000 
2015 8 9 3 23 52.00 -40780.0000 -10440.0000 2333.0000 
2015 8 9 3 25 18.00 -40790.0000 -10430.0000 2293.0000 
2015 8 9 3 26 44.00 -40790.0000 -10430.0000 2248.0000 
2015 8 9 3 28 10.00 -40790.0000 -10430.0000 2204.0000 
2015 8 9 3 29 36.00 -40790.0000 -10430.0000 2165.0000 
2015 8 9 3 31 2.00 -40800.0000 -10420.0000 2120.0000 
2015 8 9 3 32 28.00 -40800.0000 -10420.0000 2080.0000 
2015 8 9 3 33 54.00 -40800.0000 -10420.0000 2040.0000 
2015 8 9 3 35 20.00 -40810.0000 -10420.0000 1991.0000 
2015 8 9 3 36 46.00 -40810.0000 -10410.0000 1959.0000 
2015 8 9 3 38 12.00 -40810.0000 -10410.0000 1914.0000 
2015 8 9 3 39 38.00 -40810.0000 -10410.0000 1874.0000 
2015 8 9 3 41 4.00 -40820.0000 -10410.0000 1825.0000 
2015 8 9 3 42 30.00 -40820.0000 -10400.0000 1784.0000 
2015 8 9 3 43 56.00 -40820.0000 -10400.0000 1744.0000 
2015 8 9 3 45 22.00 -40820.0000 -10400.0000 1698.0000 
2015 8 9 3 46 48.00 -40830.0000 -10400.0000 1658.0000 
2015 8 9 3 48 14.00 -40830.0000 -10390.0000 1610.0000 
2015 8 9 3 49 40.00 -40830.0000 -10390.0000 1563.0000 
2015 8 9 3 51 6.00 -40830.0000 -10390.0000 1527.0000 
2015 8 9 3 52 32.00 -40840.0000 -10380.0000 1481.0000 
2015 8 9 3 53 58.00 -40840.0000 -10380.0000 1440.0000 
2015 8 9 3 55 24.00 -40840.0000 -10380.0000 1395.0000 
2015 8 9 3 56 50.00 -40840.0000 -10380.0000 1348.0000 
2015 8 9 3 58 16.00 -40840.0000 -10370.0000 1308.0000 
2015 8 9 3 59 42.00 -40850.0000 -10370.0000 1259.0000 
2015 8 9 4 1 8.00 -40850.0000 -10370.0000 1218.0000 
2015 8 9 4 2 34.00 -40850.0000 -10360.0000 1175.0000 
2015 8 9 4 4 0.00 -40850.0000 -10360.0000 1130.0000 
2015 8 9 4 5 26.00 -40850.0000 -10360.0000 1085.0000 
2015 8 9 4 6 52.00 -40860.0000 -10350.0000 1038.0000 
2015 8 9 4 8 18.00 -40860.0000 -10350.0000 1000.0000 
2015 8 9 4 9 44.00 -40860.0000 -10350.0000 953.2000 
2015 8 9 4 11 10.00 -40860.0000 -10340.0000 909.2000 
2015 8 9 4 12 36.00 -40860.0000 -10340.0000 863.5000 
2015 8 9 4 14 2.00 -40870.0000 -10340.0000 821.2000 
2015 8 9 4 15 28.00 -40870.0000 -10330.0000 779.9000 
2015 8 9 4 16 54.00 -40870.0000 -10330.0000 729.8000 
2015 8 9 4 18 20.00 -40870.0000 -10330.0000 683.4000 
2015 8 9 4 19 46.00 -40870.0000 -10320.0000 642.2000 
2015 8 9 4 21 12.00 -40870.0000 -10320.0000 595.8000 
2015 8 9 4 22 38.00 -40870.0000 -10320.0000 554.5000 
2015 8 9 4 24 4.00 -40880.0000 -10310.0000 509.6000 
2015 8 9 4 25 30.00 -40880.0000 -10310.0000 461.6000 
2015 8 9 4 26 56.00 -40880.0000 -10310.0000 420.2000 
2015 8 9 4 28 23.00 -40880.0000 -10300.0000 373.7000 
2015 8 9 4 29 49.00 -40880.0000 -10300.0000 332.3000 
2015 8 9 4 31 15.00 -40880.0000 -10300.0000 285.8000 
2015 8 9 4 32 41.00 -40880.0000 -10290.0000 238.7000 
2015 8 9 4 34 7.00 -40890.0000 -10290.0000 197.3000 
2015 8 9 4 35 33.00 -40890.0000 -10290.0000 150.8000 
2015 8 9 4 36 59.00 -40890.0000 -10280.0000 109.3000 
2015 8 9 4 38 24.00 -40890.0000 -10280.0000 62.7600 
2015 8 9 4 39 50.00 -40890.0000 -10270.0000 15.6500 
2015 8 9 4 41 17.00 -40890.0000 -10270.0000 -25.7600 
2015 8 9 4 42 43.00 -40890.0000 -10270.0000 -72.3500 
2015 8 9 4 44 9.00 -40890.0000 -10260.0000 -113.8000 
2015 8 9 4 45 35.00 -40890.0000 -10260.0000 -160.3000 
2015 8 9 4 47 1.00 -40890.0000 -10260.0000 -206.9000 
2015 8 9 4 48 27.00 -40890.0000 -10250.0000 -248.3000 
2015 8 9 4 49 53.00 -40890.0000 -10250.0000 -294.9000 
2015 8 9 4 51 19.00 -40900.0000 -10250.0000 -336.2000 
2015 8 9 4 52 45.00 -40900.0000 -10240.0000 -382.8000 
2015 8 9 4 54 11.00 -40900.0000 -10240.0000 -429.3000 
2015 8 9 4 55 37.00 -40900.0000 -10230.0000 -470.6000 
2015 8 9 4 57 3.00 -40900.0000 -10230.0000 -517.1000 
2015 8 9 4 58 29.00 -40900.0000 -10230.0000 -558.4000 
2015 8 9 4 59 55.00 -40900.0000 -10220.0000 -604.8000 
2015 8 9 5 1 21.00 -40900.0000 -10220.0000 -651.7000 
2015 8 9 5 2 47.00 -40900.0000 -10220.0000 -693.0000 
2015 8 9 5 4 13.00 -40900.0000 -10210.0000 -739.3000 
2015 8 9 5 5 39.00 -40900.0000 -10210.0000 -780.5000 
2015 8 9 5 7 5.00 -40900.0000 -10200.0000 -826.8000 
2015 8 9 5 8 31.00 -40900.0000 -10200.0000 -873.0000 
2015 8 9 5 9 57.00 -40900.0000 -10200.0000 -914.1000 
2015 8 9 5 11 23.00 -40900.0000 -10190.0000 -960.3000 
2015 8 9 5 12 49.00 -40900.0000 -10190.0000 -1006.0000 
2015 8 9 5 14 15.00 -40900.0000 -10190.0000 -1047.0000 
2015 8 9 5 15 41.00 -40900.0000 -10180.0000 -1093.0000 
2015 8 9 5 17 7.00 -40900.0000 -10180.0000 -1134.0000 
2015 8 9 5 18 33.00 -40900.0000 -10170.0000 -1180.0000 
2015 8 9 5 19 59.00 -40900.0000 -10170.0000 -1221.0000 
2015 8 9 5 21 25.00 -40900.0000 -10170.0000 -1267.0000 
2015 8 9 5 22 51.00 -40900.0000 -10160.0000 -1313.0000 
2015 8 9 5 24 17.00 -40900.0000 -10160.0000 -1354.0000 
2015 8 9 5 25 43.00 -40890.0000 -10160.0000 -1399.0000 
2015 8 9 5 27 9.00 -40890.0000 -10150.0000 -1440.0000 
2015 8 9 5 28 35.00 -40890.0000 -10150.0000 -1485.0000 
2015 8 9 5 30 1.00 -40890.0000 -10140.0000 -1531.0000 
2015 8 9 5 31 27.00 -40890.0000 -10140.0000 -1571.0000 
2015 8 9 5 32 53.00 -40890.0000 -10140.0000 -1617.0000 
2015 8 9 5 34 19.00 -40890.0000 -10130.0000 -1657.0000 
2015 8 9 5 35 45.00 -40890.0000 -10130.0000 -1702.0000 
2015 8 9 5 37 11.00 -40890.0000 -10130.0000 -1748.0000 
2015 8 9 5 38 37.00 -40890.0000 -10120.0000 -1788.0000 
2015 8 9 5 40 3.00 -40890.0000 -10120.0000 -1833.0000 
2015 8 9 5 41 29.00 -40890.0000 -10120.0000 -1873.0000 
2015 8 9 5 42 56.00 -40880.0000 -10110.0000 -1918.0000 
2015 8 9 5 44 22.00 -40880.0000 -10110.0000 -1962.0000 
2015 8 9 5 45 47.00 -40880.0000 -10110.0000 -2002.0000 
2015 8 9 5 47 13.00 -40880.0000 -10100.0000 -2047.0000 
2015 8 9 5 48 39.00 -40880.0000 -10100.0000 -2086.0000 
2015 8 9 5 50 5.00 -40880.0000 -10100.0000 -2131.0000 
2015 8 9 5 51 31.00 -40880.0000 -10090.0000 -2175.0000 
2015 8 9 5 52 57.00 -40880.0000 -10090.0000 -2215.0000 
2015 8 9 5 54 24.00 -40870.0000 -10080.0000 -2259.0000 
2015 8 9 5 55 50.00 -40870.0000 -10080.0000 -2298.0000 
2015 8 9 5 57 16.00 -40870.0000 -10080.0000 -2342.0000 
2015 8 9 5 58 42.00 -40870.0000 -10070.0000 -2386.0000 
2015 8 9 6 0 8.00 -40870.0000 -10070.0000 -2425.0000 
2015 8 9 6 1 34.00 -40870.0000 -10070.0000 -2469.0000 
2015 8 9 6 3 0.00 -40860.0000 -10060.0000 -2508.0000 
2015 8 9 6 4 26.00 -40860.0000 -10060.0000 -2551.0000 
2015 8 9 6 5 52.00 -40860.0000 -10060.0000 -2595.0000 
2015 8 9 6 7 18.00 -40860.0000 -10050.0000 -2633.0000 
2015 8 9 6 8 44.00 -40860.0000 -10050.0000 -2676.0000 
2015 8 9 6 10 10.00 -40850.0000 -10050.0000 -2715.0000 
2015 8 9 6 11 36.00 -40850.0000 -10050.0000 -2758.0000 
2015 8 9 6 13 2.00 -40850.0000 -10040.0000 -2800.0000 
2015 8 9 6 14 28.00 -40850.0000 -10040.0000 -2838.0000 
2015 8 9 6 15 54.00 -40850.0000 -10040.0000 -2881.0000 
2015 8 9 6 17 20.00 -40840.0000 -10030.0000 -2924.0000 
2015 8 9 6 18 46.00 -40840.0000 -10030.0000 -2961.0000 
2015 8 9 6 20 12.00 -40840.0000 -10030.0000 -3004.0000 
2015 8 9 6 21 38.00 -40840.0000 -10020.0000 -3041.0000 
2015 8 9 6 23 4.00 -40840.0000 -10020.0000 -3083.0000 
2015 8 9 6 24 30.00 -40830.0000 -10020.0000 -3125.0000 
2015 8 9 6 25 56.00 -40830.0000 -10010.0000 -3162.0000 
2015 8 9 6 27 22.00 -40830.0000 -10010.0000 -3204.0000 
2015 8 9 6 28 48.00 -40830.0000 -10010.0000 -3241.0000 
2015 8 9 6 30 14.00 -40820.0000 -10010.0000 -3282.0000 
2015 8 9 6 31 40.00 -40820.0000 -10000.0000 -3323.0000 
2015 8 9 6 33 6.00 -40820.0000 -10000.0000 -3360.0000 
2015 8 9 6 34 32.00 -40820.0000 -9998.0000 -3401.0000 
2015 8 9 6 35 58.00 -40810.0000 -9996.0000 -3437.0000 
2015 8 9 6 37 24.00 -40810.0000 -9993.0000 -3478.0000 
2015 8 9 6 38 50.00 -40810.0000 -9990.0000 -3518.0000 
2015 8 9 6 40 16.00 -40810.0000 -9988.0000 -3554.0000 
2015 8 9 6 41 42.00 -40800.0000 -9985.0000 -3594.0000 
2015 8 9 6 43 8.00 -40800.0000 -9983.0000 -3630.0000 
2015 8 9 6 44 34.00 -40800.0000 -9980.0000 -3670.0000 
2015 8 9 6 46 0.00 -40790.0000 -9977.0000 -3710.0000 
2015 8 9 6 47 26.00 -40790.0000 -9975.0000 -3745.0000 
2015 8 9 6 48 52.00 -40790.0000 -9973.0000 -3785.0000 
2015 8 9 6 50 18.00 -40790.0000 -9971.0000 -3820.0000 
2015 8 9 6 51 44.00 -40780.0000 -9968.0000 -3859.0000 
2015 8 9 6 53 10.00 -40780.0000 -9966.0000 -3898.0000 
2015 8 9 6 54 36.00 -40780.0000 -9964.0000 -3932.0000 
2015 8 9 6 56 2.00 -40770.0000 -9962.0000 -3968.0000 
2015 8 9 6 57 28.00 -40770.0000 -9959.0000 -4005.0000 
2015 8 9 6 58 54.00 -40770.0000 -9957.0000 -4044.0000 
2015 8 9 7 0 20.00 -40760.0000 -9955.0000 -4082.0000 
2015 8 9 7 1 46.00 -40760.0000 -9953.0000 -4116.0000 
2015 8 9 7 3 12.00 -40760.0000 -9951.0000 -4154.0000 
2015 8 9 7 4 38.00 -40750.0000 -9949.0000 -4187.0000 
2015 8 9 7 6 4.00 -40750.0000 -9947.0000 -4225.0000 
2015 8 9 7 7 30.00 -40750.0000 -9945.0000 -4262.0000 
2015 8 9 7 8 57.00 -40750.0000 -9944.0000 -4295.0000 
2015 8 9 7 10 23.00 -40740.0000 -9942.0000 -4332.0000 
2015 8 9 7 11 49.00 -40740.0000 -9940.0000 -4365.0000 
2015 8 9 7 13 15.00 -40740.0000 -9938.0000 -4399.0000 
2015 8 9 7 14 41.00 -40730.0000 -9937.0000 -4433.0000 
2015 8 9 7 16 6.00 -40730.0000 -9935.0000 -4470.0000 
2015 8 9 7 17 32.00 -40730.0000 -9934.0000 -4503.0000 
2015 8 9 7 18 58.00 -40720.0000 -9932.0000 -4538.0000 
2015 8 9 7 20 24.00 -40720.0000 -9930.0000 -4574.0000 
2015 8 9 7 21 50.00 -40710.0000 -9929.0000 -4609.0000 
2015 8 9 7 23 17.00 -40710.0000 -9928.0000 -4641.0000 
2015 8 9 7 24 43.00 -40710.0000 -9926.0000 -4676.0000 
2015 8 9 7 26 9.00 -40700.0000 -9925.0000 -4707.0000 
2015 8 9 7 27 35.00 -40700.0000 -9924.0000 -4742.0000 
2015 8 9 7 29 1.00 -40700.0000 -9922.0000 -4776.0000 
2015 8 9 7 30 27.00 -40690.0000 -9921.0000 -4806.0000 
2015 8 9 7 31 53.00 -40690.0000 -9920.0000 -4838.0000 
2015 8 9 7 33 19.00 -40690.0000 -9919.0000 -4871.0000 
2015 8 9 7 34 45.00 -40680.0000 -9918.0000 -4905.0000 
2015 8 9 7 36 11.00 -40680.0000 -9917.0000 -4939.0000 
2015 8 9 7 37 37.00 -40680.0000 -9916.0000 -4968.0000 
2015 8 9 7 39 3.00 -40670.0000 -9915.0000 -5001.0000 
2015 8 9 7 40 29.00 -40670.0000 -9914.0000 -5031.0000 
2015 8 9 7 41 55.00 -40660.0000 -9913.0000 -5064.0000 
2015 8 9 7 43 21.00 -40660.0000 -9913.0000 -5096.0000 
2015 8 9 7 44 47.00 -40660.0000 -9912.0000 -5125.0000 
2015 8 9 7 46 13.00 -40650.0000 -9911.0000 -5157.0000 
2015 8 9 7 47 39.00 -40650.0000 -9911.0000 -5185.0000 
2015 8 9 7 49 5.00 -40650.0000 -9910.0000 -5216.0000 
2015 8 9 7 50 31.00 -40640.0000 -9909.0000 -5249.0000 
2015 8 9 7 51 57.00 -40640.0000 -9909.0000 -5276.0000 
2015 8 9 7 53 23.00 -40630.0000 -9908.0000 -5307.0000 
2015 8 9 7 54 49.00 -40630.0000 -9908.0000 -5335.0000 
2015 8 9 7 56 15.00 -40630.0000 -9908.0000 -5365.0000 
2015 8 9 7 57 41.00 -40620.0000 -9907.0000 -5396.0000 
2015 8 9 7 59 7.00 -40620.0000 -9907.0000 -5423.0000 
2015 8 9 8 0 33.00 -40620.0000 -9907.0000 -5453.0000 
2015 8 9 8 1 59.00 -40610.0000 -9907.0000 -5479.0000 
2015 8 9 8 3 25.00 -40610.0000 -9907.0000 -5508.0000 
2015 8 9 8 4 51.00 -40600.0000 -9906.0000 -5538.0000 
2015 8 9 8 6 17.00 -40600.0000 -9906.0000 -5564.0000 
2015 8 9 8 7 43.00 -40600.0000 -9906.0000 -5592.0000 
2015 8 9 8 9 9.00 -40590.0000 -9907.0000 -5621.0000 
2015 8 9 8 10 35.00 -40590.0000 -9907.0000 -5646.0000 
2015 8 9 8 12 1.00 -40590.0000 -9907.0000 -5674.0000 
2015 8 9 8 13 27.00 -40580.0000 -9907.0000 -5699.0000 
2015 8 9 8 14 53.00 -40580.0000 -9907.0000 -5727.0000 
2015 8 9 8 16 19.00 -40570.0000 -9908.0000 -5751.0000 
2015 8 9 8 17 45.00 -40570.0000 -9908.0000 -5778.0000 
2015 8 9 8 19 11.00 -40570.0000 -9908.0000 -5805.0000 
2015 8 9 8 20 37.00 -40560.0000 -9909.0000 -5829.0000 
2015 8 9 8 22 3.00 -40560.0000 -9909.0000 -5855.0000 
2015 8 9 8 23 29.00 -40560.0000 -9910.0000 -5879.0000 
2015 8 9 8 24 55.00 -40550.0000 -9910.0000 -5905.0000 
2015 8 9 8 26 21.00 -40550.0000 -9911.0000 -5927.0000 
2015 8 9 8 27 47.00 -40550.0000 -9912.0000 -5950.0000 
2015 8 9 8 29 13.00 -40540.0000 -9912.0000 -5979.0000 
2015 8 9 8 30 39.00 -40540.0000 -9913.0000 -6004.0000 
2015 8 9 8 32 5.00 -40530.0000 -9914.0000 -6020.0000 
2015 8 9 8 33 31.00 -40530.0000 -9915.0000 -6047.0000 
2015 8 9 8 34 57.00 -40530.0000 -9916.0000 -6072.0000 
2015 8 9 8 36 24.00 -40520.0000 -9917.0000 -6096.0000 
2015 8 9 8 37 50.00 -40520.0000 -9918.0000 -6119.0000 
2015 8 9 8 39 16.00 -40520.0000 -9919.0000 -6137.0000 
2015 8 9 8 40 42.00 -40510.0000 -9920.0000 -6158.0000 
2015 8 9 8 42 8.00 -40510.0000 -9921.0000 -6179.0000 
2015 8 9 8 43 34.00 -40510.0000 -9922.0000 -6202.0000 
2015 8 9 8 45 0.00 -40500.0000 -9923.0000 -6222.0000 
2015 8 9 8 46 25.00 -40500.0000 -9924.0000 -6244.0000 
2015 8 9 8 47 51.00 -40490.0000 -9926.0000 -6266.0000 
2015 8 9 8 49 18.00 -40490.0000 -9927.0000 -6285.0000 
2015 8 9 8 50 44.00 -40490.0000 -9928.0000 -6307.0000 
2015 8 9 8 52 10.00 -40480.0000 -9930.0000 -6326.0000 
2015 8 9 8 53 36.00 -40480.0000 -9931.0000 -6347.0000 
2015 8 9 8 55 2.00 -40480.0000 -9933.0000 -6368.0000 
2015 8 9 8 56 28.00 -40470.0000 -9934.0000 -6386.0000 
2015 8 9 8 57 54.00 -40470.0000 -9936.0000 -6406.0000 
2015 8 9 8 59 20.00 -40470.0000 -9937.0000 -6423.0000 
2015 8 9 9 0 46.00 -40460.0000 -9939.0000 -6443.0000 
2015 8 9 9 2 12.00 -40460.0000 -9941.0000 -6463.0000 
2015 8 9 9 3 38.00 -40460.0000 -9943.0000 -6480.0000 
2015 8 9 9 5 4.00 -40450.0000 -9945.0000 -6499.0000 
2015 8 9 9 6 30.00 -40450.0000 -9946.0000 -6515.0000 
2015 8 9 9 7 56.00 -40450.0000 -9948.0000 -6534.0000 
2015 8 9 9 9 22.00 -40440.0000 -9950.0000 -6552.0000 
2015 8 9 9 10 48.00 -40440.0000 -9952.0000 -6567.0000 
2015 8 9 9 12 14.00 -40440.0000 -9954.0000 -6585.0000 
2015 8 9 9 13 40.00 -40430.0000 -9956.0000 -6600.0000 
2015 8 9 9 15 6.00 -40430.0000 -9958.0000 -6617.0000 
2015 8 9 9 16 32.00 -40430.0000 -9961.0000 -6634.0000 
2015 8 9 9 17 58.00 -40420.0000 -9963.0000 -6649.0000 
2015 8 9 9 19 24.00 -40420.0000 -9965.0000 -6665.0000 
2015 8 9 9 20 50.00 -40420.0000 -9967.0000 -6681.0000 
2015 8 9 9 22 16.00 -40420.0000 -9970.0000 -6695.0000 
2015 8 9 9 23 42.00 -40410.0000 -9972.0000 -6710.0000 
2015 8 9 9 25 8.00 -40410.0000 -9974.0000 -6723.0000 
2015 8 9 9 26 34.00 -40410.0000 -9977.0000 -6738.0000 
2015 8 9 9 28 0.00 -40400.0000 -9979.0000 -6753.0000 
2015 8 9 9 29 26.00 -40400.0000 -9982.0000 -6765.0000 
2015 8 9 9 30 52.00 -40400.0000 -9984.0000 -6779.0000 
2015 8 9 9 32 18.00 -40400.0000 -9987.0000 -6792.0000 
2015 8 9 9 33 44.00 -40390.0000 -9989.0000 -6805.0000 
2015 8 9 9 35 10.00 -40390.0000 -9992.0000 -6818.0000 
2015 8 9 9 36 36.00 -40390.0000 -9995.0000 -6831.0000 
2015 8 9 9 38 2.00 -40380.0000 -9997.0000 -6842.0000 
2015 8 9 9 39 28.00 -40380.0000 -10000.0000 -6853.0000 
2015 8 9 9 40 54.00 -40380.0000 -10000.0000 -6865.0000 
2015 8 9 9 42 20.00 -40380.0000 -10010.0000 -6877.0000 
2015 8 9 9 43 46.00 -40370.0000 -10010.0000 -6888.0000 
2015 8 9 9 45 12.00 -40370.0000 -10010.0000 -6898.0000 
2015 8 9 9 46 38.00 -40370.0000 -10010.0000 -6908.0000 
2015 8 9 9 48 4.00 -40370.0000 -10020.0000 -6919.0000 
2015 8 9 9 49 30.00 -40360.0000 -10020.0000 -6930.0000 
2015 8 9 9 50 57.00 -40360.0000 -10020.0000 -6937.0000 
2015 8 9 9 52 23.00 -40360.0000 -10030.0000 -6948.0000 
2015 8 9 9 53 48.00 -40360.0000 -10030.0000 -6957.0000 
2015 8 9 9 55 14.00 -40350.0000 -10030.0000 -6966.0000 
2015 8 9 9 56 40.00 -40350.0000 -10040.0000 -6975.0000 
2015 8 9 9 58 6.00 -40350.0000 -10040.0000 -6982.0000 
2015 8 9 9 59 32.00 -40350.0000 -10040.0000 -6991.0000 
2015 8 9 10 0 58.00 -40350.0000 -10040.0000 -6998.0000 
2015 8 9 10 2 24.00 -40340.0000 -10050.0000 -7005.0000 
2015 8 9 10 3 51.00 -40340.0000 -10050.0000 -7013.0000 
2015 8 9 10 5 17.00 -40340.0000 -10050.0000 -7019.0000 
2015 8 9 10 6 43.00 -40340.0000 -10060.0000 -7026.0000 
2015 8 9 10 8 9.00 -40340.0000 -10060.0000 -7032.0000 
2015 8 9 10 9 35.00 -40330.0000 -10060.0000 -7038.0000 
2015 8 9 10 11 1.00 -40330.0000 -10070.0000 -7044.0000 
2015 8 9 10 12 27.00 -40330.0000 -10070.0000 -7048.0000 
2015 8 9 10 13 53.00 -40330.0000 -10070.0000 -7054.0000 
2015 8 9 10 15 19.00 -40330.0000 -10080.0000 -7059.0000 
2015 8 9 10 16 45.00 -40330.0000 -10080.0000 -7063.0000 
2015 8 9 10 18 11.00 -40320.0000 -10080.0000 -7068.0000 
2015 8 9 10 19 37.00 -40320.0000 -10090.0000 -7071.0000 
2015 8 9 10 21 3.00 -40320.0000 -10090.0000 -7075.0000 
2015 8 9 10 22 29.00 -40320.0000 -10100.0000 -7079.0000 
2015 8 9 10 23 55.00 -40320.0000 -10100.0000 -7082.0000 
2015 8 9 10 25 21.00 -40320.0000 -10100.0000 -7085.0000 
2015 8 9 10 26 47.00 -40320.0000 -10110.0000 -7087.0000 
2015 8 9 10 28 13.00 -40310.0000 -10110.0000 -7090.0000 
2015 8 9 10 29 39.00 -40310.0000 -10110.0000 -7092.0000 
2015 8 9 10 31 5.00 -40310.0000 -10120.0000 -7094.0000 
2015 8 9 10 32 31.00 -40310.0000 -10120.0000 -7095.0000 
2015 8 9 10 33 57.00 -40310.0000 -10120.0000 -7096.0000 
2015 8 9 10 35 23.00 -40310.0000 -10130.0000 -7097.0000 
2015 8 9 10 36 49.00 -40310.0000 -10130.0000 -7098.0000 
2015 8 9 10 38 15.00 -40310.0000 -10130.0000 -7098.0000 
2015 8 9 10 39 41.00 -40310.0000 -10140.0000 -7098.0000 
2015 8 9 10 41 7.00 -40310.0000 -10140.0000 -7098.0000 
2015 8 9 10 42 33.00 -40300.0000 -10150.0000 -7098.0000 
2015 8 9 10 43 59.00 -40300.0000 -10150.0000 -7097.0000 
2015 8 9 10 45 25.00 -40300.0000 -10150.0000 -7096.0000 
2015 8 9 10 46 51.00 -40300.0000 -10160.0000 -7095.0000 
2015 8 9 10 48 17.00 -40300.0000 -10160.0000 -7093.0000 
2015 8 9 10 49 43.00 -40300.0000 -10160.0000 -7091.0000 
2015 8 9 10 51 9.00 -40300.0000 -10170.0000 -7089.0000 
2015 8 9 10 52 35.00 -40300.0000 -10170.0000 -7087.0000 
2015 8 9 10 54 1.00 -40300.0000 -10180.0000 -7084.0000 
2015 8 9 10 55 27.00 -40300.0000 -10180.0000 -7081.0000 
2015 8 9 10 56 53.00 -40300.0000 -10180.0000 -7078.0000 
2015 8 9 10 58 19.00 -40300.0000 -10190.0000 -7074.0000 
2015 8 9 10 59 45.00 -40300.0000 -10190.0000 -7070.0000 
2015 8 9 11 1 11.00 -40300.0000 -10190.0000 -7066.0000 
2015 8 9 11 2 37.00 -40300.0000 -10200.0000 -7063.0000 
2015 8 9 11 4 3.00 -40300.0000 -10200.0000 -7058.0000 
2015 8 9 11 5 29.00 -40300.0000 -10210.0000 -7053.0000 
2015 8 9 11 6 55.00 -40300.0000 -10210.0000 -7048.0000 
2015 8 9 11 8 21.00 -40300.0000 -10210.0000 -7042.0000 
2015 8 9 11 9 47.00 -40300.0000 -10220.0000 -7037.0000 
2015 8 9 11 11 13.00 -40300.0000 -10220.0000 -7031.0000 
2015 8 9 11 12 39.00 -40300.0000 -10220.0000 -7025.0000 
2015 8 9 11 14 5.00 -40300.0000 -10230.0000 -7018.0000 
2015 8 9 11 15 31.00 -40300.0000 -10230.0000 -7011.0000 
2015 8 9 11 16 57.00 -40300.0000 -10240.0000 -7004.0000 
2015 8 9 11 18 24.00 -40300.0000 -10240.0000 -6996.0000 
2015 8 9 11 19 50.00 -40300.0000 -10240.0000 -6989.0000 
2015 8 9 11 21 16.00 -40300.0000 -10250.0000 -6981.0000 
2015 8 9 11 22 42.00 -40300.0000 -10250.0000 -6972.0000 
2015 8 9 11 24 7.00 -40300.0000 -10250.0000 -6964.0000 
2015 8 9 11 25 33.00 -40300.0000 -10260.0000 -6955.0000 
2015 8 9 11 26 59.00 -40300.0000 -10260.0000 -6946.0000 
2015 8 9 11 28 25.00 -40300.0000 -10270.0000 -6936.0000 
2015 8 9 11 29 51.00 -40300.0000 -10270.0000 -6926.0000 
2015 8 9 11 31 18.00 -40300.0000 -10270.0000 -6917.0000 
2015 8 9 11 32 44.00 -40310.0000 -10280.0000 -6906.0000 
2015 8 9 11 34 10.00 -40310.0000 -10280.0000 -6897.0000 
2015 8 9 11 35 36.00 -40310.0000 -10280.0000 -6885.0000 
2015 8 9 11 37 2.00 -40310.0000 -10290.0000 -6874.0000 
2015 8 9 11 38 28.00 -40310.0000 -10290.0000 -6863.0000 
2015 8 9 11 39 54.00 -40310.0000 -10300.0000 -6851.0000 
2015 8 9 11 41 20.00 -40310.0000 -10300.0000 -6840.0000 
2015 8 9 11 42 46.00 -40310.0000 -10300.0000 -6828.0000 
2015 8 9 11 44 12.00 -40310.0000 -10310.0000 -6815.0000 
2015 8 9 11 45 38.00 -40320.0000 -10310.0000 -6803.0000 
2015 8 9 11 47 4.00 -40320.0000 -10310.0000 -6790.0000 
2015 8 9 11 48 30.00 -40320.0000 -10320.0000 -6778.0000 
2015 8 9 11 49 56.00 -40320.0000 -10320.0000 -6764.0000 
2015 8 9 11 51 22.00 -40320.0000 -10320.0000 -6749.0000 
2015 8 9 11 52 48.00 -40320.0000 -10330.0000 -6736.0000 
2015 8 9 11 54 14.00 -40320.0000 -10330.0000 -6722.0000 
2015 8 9 11 55 40.00 -40330.0000 -10330.0000 -6708.0000 
2015 8 9 11 57 6.00 -40330.0000 -10340.0000 -6693.0000 
2015 8 9 11 58 32.00 -40330.0000 -10340.0000 -6677.0000 
2015 8 9 11 59 58.00 -40330.0000 -10340.0000 -6663.0000 
2015 8 9 12 1 24.00 -40330.0000 -10350.0000 -6647.0000 
2015 8 9 12 2 50.00 -40330.0000 -10350.0000 -6632.0000 
2015 8 9 12 4 16.00 -40340.0000 -10350.0000 -6615.0000 
2015 8 9 12 5 42.00 -40340.0000 -10360.0000 -6598.0000 
2015 8 9 12 7 8.00 -40340.0000 -10360.0000 -6583.0000 
2015 8 9 12 8 34.00 -40340.0000 -10360.0000 -6565.0000 
2015 8 9 12 10 0.00 -40340.0000 -10370.0000 -6548.0000 
2015 8 9 12 11 26.00 -40350.0000 -10370.0000 -6531.0000 
2015 8 9 12 12 52.00 -40350.0000 -10370.0000 -6513.0000 
2015 8 9 12 14 18.00 -40350.0000 -10380.0000 -6496.0000 
2015 8 9 12 15 44.00 -40350.0000 -10380.0000 -6478.0000 
2015 8 9 12 17 10.00 -40350.0000 -10380.0000 -6458.0000 
2015 8 9 12 18 36.00 -40360.0000 -10390.0000 -6441.0000 
2015 8 9 12 20 2.00 -40360.0000 -10390.0000 -6421.0000 
2015 8 9 12 21 28.00 -40360.0000 -10390.0000 -6404.0000 
2015 8 9 12 22 54.00 -40360.0000 -10400.0000 -6383.0000 
2015 8 9 12 24 20.00 -40370.0000 -10400.0000 -6363.0000 
2015 8 9 12 25 46.00 -40370.0000 -10400.0000 -6344.0000 
2015 8 9 12 27 12.00 -40370.0000 -10400.0000 -6323.0000 
2015 8 9 12 28 38.00 -40370.0000 -10410.0000 -6302.0000 
2015 8 9 12 30 4.00 -40370.0000 -10410.0000 -6283.0000 
2015 8 9 12 31 30.00 -40380.0000 -10410.0000 -6261.0000 
2015 8 9 12 32 56.00 -40380.0000 -10420.0000 -6241.0000 
2015 8 9 12 34 22.00 -40380.0000 -10420.0000 -6219.0000 
2015 8 9 12 35 48.00 -40390.0000 -10420.0000 -6199.0000 
2015 8 9 12 37 14.00 -40390.0000 -10420.0000 -6176.0000 
2015 8 9 12 38 40.00 -40390.0000 -10430.0000 -6153.0000 
2015 8 9 12 40 6.00 -40390.0000 -10430.0000 -6132.0000 
2015 8 9 12 41 32.00 -40400.0000 -10430.0000 -6109.0000 
2015 8 9 12 42 58.00 -40400.0000 -10430.0000 -6088.0000 
2015 8 9 12 44 24.00 -40400.0000 -10440.0000 -6064.0000 
2015 8 9 12 45 50.00 -40400.0000 -10440.0000 -6039.0000 
2015 8 9 12 47 17.00 -40410.0000 -10440.0000 -6017.0000 
2015 8 9 12 48 43.00 -40410.0000 -10440.0000 -5992.0000 
2015 8 9 12 50 9.00 -40410.0000 -10450.0000 -5970.0000 
2015 8 9 12 51 35.00 -40420.0000 -10450.0000 -5945.0000 
2015 8 9 12 53 1.00 -40420.0000 -10450.0000 -5919.0000 
2015 8 9 12 54 26.00 -40420.0000 -10450.0000 -5896.0000 
2015 8 9 12 55 52.00 -40430.0000 -10460.0000 -5870.0000 
2015 8 9 12 57 18.00 -40430.0000 -10460.0000 -5844.0000 
2015 8 9 12 58 44.00 -40430.0000 -10460.0000 -5820.0000 
2015 8 9 13 0 11.00 -40440.0000 -10460.0000 -5793.0000 
2015 8 9 13 1 37.00 -40440.0000 -10460.0000 -5769.0000 
2015 8 9 13 3 3.00 -40440.0000 -10470.0000 -5742.0000 
2015 8 9 13 4 29.00 -40440.0000 -10470.0000 -5717.0000 
2015 8 9 13 5 55.00 -40450.0000 -10470.0000 -5690.0000 
2015 8 9 13 7 21.00 -40450.0000 -10470.0000 -5661.0000 
2015 8 9 13 8 47.00 -40450.0000 -10470.0000 -5636.0000 
2015 8 9 13 10 13.00 -40460.0000 -10480.0000 -5608.0000 
2015 8 9 13 11 39.00 -40460.0000 -10480.0000 -5582.0000 
2015 8 9 13 13 5.00 -40460.0000 -10480.0000 -5554.0000 
2015 8 9 13 14 31.00 -40470.0000 -10480.0000 -5524.0000 
2015 8 9 13 15 57.00 -40470.0000 -10480.0000 -5498.0000 
2015 8 9 13 17 23.00 -40480.0000 -10480.0000 -5469.0000 
2015 8 9 13 18 49.00 -40480.0000 -10490.0000 -5442.0000 
2015 8 9 13 20 15.00 -40480.0000 -10490.0000 -5412.0000 
2015 8 9 13 21 41.00 -40490.0000 -10490.0000 -5382.0000 
2015 8 9 13 23 7.00 -40490.0000 -10490.0000 -5355.0000 
2015 8 9 13 24 33.00 -40490.0000 -10490.0000 -5324.0000 
2015 8 9 13 25 59.00 -40500.0000 -10490.0000 -5293.0000 
2015 8 9 13 27 25.00 -40500.0000 -10490.0000 -5266.0000 
2015 8 9 13 28 51.00 -40500.0000 -10490.0000 -5234.0000 
2015 8 9 13 30 17.00 -40510.0000 -10500.0000 -5206.0000 
2015 8 9 13 31 43.00 -40510.0000 -10500.0000 -5174.0000 
2015 8 9 13 33 9.00 -40510.0000 -10500.0000 -5146.0000 
2015 8 9 13 34 35.00 -40520.0000 -10500.0000 -5114.0000 
2015 8 9 13 36 1.00 -40520.0000 -10500.0000 -5081.0000 
2015 8 9 13 37 27.00 -40530.0000 -10500.0000 -5052.0000 
2015 8 9 13 38 53.00 -40530.0000 -10500.0000 -5020.0000 
2015 8 9 13 40 19.00 -40530.0000 -10500.0000 -4986.0000 
2015 8 9 13 41 45.00 -40540.0000 -10500.0000 -4957.0000 
2015 8 9 13 43 11.00 -40540.0000 -10500.0000 -4923.0000 
2015 8 9 13 44 37.00 -40540.0000 -10510.0000 -4894.0000 
2015 8 9 13 46 3.00 -40550.0000 -10510.0000 -4860.0000 
2015 8 9 13 47 29.00 -40550.0000 -10510.0000 -4829.0000 
2015 8 9 13 48 55.00 -40550.0000 -10510.0000 -4795.0000 
2015 8 9 13 50 21.00 -40560.0000 -10510.0000 -4761.0000 
2015 8 9 13 51 47.00 -40560.0000 -10510.0000 -4730.0000 
2015 8 9 13 53 13.00 -40570.0000 -10510.0000 -4695.0000 
2015 8 9 13 54 39.00 -40570.0000 -10510.0000 -4660.0000 
2015 8 9 13 56 5.00 -40570.0000 -10510.0000 -4629.0000 
2015 8 9 13 57 31.00 -40580.0000 -10510.0000 -4593.0000 
2015 8 9 13 58 57.00 -40580.0000 -10510.0000 -4562.0000 
2015 8 9 14 0 24.00 -40590.0000 -10510.0000 -4526.0000 
2015 8 9 14 1 49.00 -40590.0000 -10510.0000 -4490.0000 
2015 8 9 14 3 15.00 -40590.0000 -10510.0000 -4458.0000 
2015 8 9 14 4 41.00 -40600.0000 -10510.0000 -4421.0000 
2015 8 9 14 6 7.00 -40600.0000 -10510.0000 -4389.0000 
2015 8 9 14 7 33.00 -40600.0000 -10510.0000 -4352.0000 
2015 8 9 14 8 59.00 -40610.0000 -10510.0000 -4315.0000 
2015 8 9 14 10 25.00 -40610.0000 -10510.0000 -4282.0000 
2015 8 9 14 11 51.00 -40620.0000 -10510.0000 -4245.0000 
2015 8 9 14 13 18.00 -40620.0000 -10510.0000 -4211.0000 
2015 8 9 14 14 44.00 -40620.0000 -10510.0000 -4174.0000 
2015 8 9 14 16 10.00 -40630.0000 -10510.0000 -4136.0000 
2015 8 9 14 17 36.00 -40630.0000 -10510.0000 -4102.0000 
2015 8 9 14 19 2.00 -40630.0000 -10510.0000 -4064.0000 
2015 8 9 14 20 28.00 -40640.0000 -10510.0000 -4030.0000 
2015 8 9 14 21 54.00 -40640.0000 -10510.0000 -3992.0000 
2015 8 9 14 23 20.00 -40650.0000 -10510.0000 -3953.0000 
2015 8 9 14 24 45.00 -40650.0000 -10510.0000 -3919.0000 
2015 8 9 14 26 12.00 -40650.0000 -10510.0000 -3880.0000 
2015 8 9 14 27 38.00 -40660.0000 -10510.0000 -3845.0000 
2015 8 9 14 29 4.00 -40660.0000 -10500.0000 -3806.0000 
2015 8 9 14 30 30.00 -40660.0000 -10500.0000 -3766.0000 
2015 8 9 14 31 56.00 -40670.0000 -10500.0000 -3731.0000 
2015 8 9 14 33 22.00 -40670.0000 -10500.0000 -3692.0000 
2015 8 9 14 34 48.00 -40680.0000 -10500.0000 -3656.0000 
2015 8 9 14 36 14.00 -40680.0000 -10500.0000 -3616.0000 
2015 8 9 14 37 40.00 -40680.0000 -10500.0000 -3576.0000 
2015 8 9 14 39 6.00 -40690.0000 -10500.0000 -3540.0000 
2015 8 9 14 40 32.00 -40690.0000 -10500.0000 -3500.0000 
2015 8 9 14 41 58.00 -40690.0000 -10500.0000 -3464.0000 
2015 8 9 14 43 24.00 -40700.0000 -10490.0000 -3423.0000 
2015 8 9 14 44 50.00 -40700.0000 -10490.0000 -3382.0000 
2015 8 9 14 46 16.00 -40700.0000 -10490.0000 -3346.0000 
2015 8 9 14 47 42.00 -40710.0000 -10490.0000 -3304.0000 
2015 8 9 14 49 8.00 -40710.0000 -10490.0000 -3268.0000 
2015 8 9 14 50 34.00 -40720.0000 -10490.0000 -3226.0000 
2015 8 9 14 52 0.00 -40720.0000 -10490.0000 -3185.0000 
2015 8 9 14 53 26.00 -40720.0000 -10480.0000 -3148.0000 
2015 8 9 14 54 52.00 -40730.0000 -10480.0000 -3106.0000 
2015 8 9 14 56 18.00 -40730.0000 -10480.0000 -3069.0000 
2015 8 9 14 57 44.00 -40730.0000 -10480.0000 -3026.0000 
2015 8 9 14 59 10.00 -40740.0000 -10480.0000 -2984.0000 
2015 8 9 15 0 36.00 -40740.0000 -10480.0000 -2947.0000 
2015 8 9 15 2 2.00 -40740.0000 -10470.0000 -2904.0000 
2015 8 9 15 3 28.00 -40750.0000 -10470.0000 -2866.0000 
2015 8 9 15 4 54.00 -40750.0000 -10470.0000 -2824.0000 
2015 8 9 15 6 20.00 -40750.0000 -10470.0000 -2780.0000 
2015 8 9 15 7 46.00 -40760.0000 -10470.0000 -2742.0000 
2015 8 9 15 9 12.00 -40760.0000 -10470.0000 -2699.0000 
2015 8 9 15 10 38.00 -40760.0000 -10460.0000 -2661.0000 
2015 8 9 15 12 4.00 -40770.0000 -10460.0000 -2618.0000 
2015 8 9 15 13 30.00 -40770.0000 -10460.0000 -2574.0000 
2015 8 9 15 14 56.00 -40770.0000 -10460.0000 -2536.0000 
2015 8 9 15 16 22.00 -40780.0000 -10450.0000 -2492.0000 
2015 8 9 15 17 48.00 -40780.0000 -10450.0000 -2453.0000 
2015 8 9 15 19 14.00 -40780.0000 -10450.0000 -2410.0000 
2015 8 9 15 20 40.00 -40780.0000 -10450.0000 -2366.0000 
2015 8 9 15 22 6.00 -40790.0000 -10450.0000 -2327.0000 
2015 8 9 15 23 32.00 -40790.0000 -10440.0000 -2283.0000 
2015 8 9 15 24 58.00 -40790.0000 -10440.0000 -2238.0000 
2015 8 9 15 26 24.00 -40800.0000 -10440.0000 -2199.0000 
2015 8 9 15 27 51.00 -40800.0000 -10440.0000 -2155.0000 
2015 8 9 15 29 17.00 -40800.0000 -10430.0000 -2115.0000 
2015 8 9 15 30 43.00 -40810.0000 -10430.0000 -2071.0000 
2015 8 9 15 32 8.00 -40810.0000 -10430.0000 -2031.0000 
2015 8 9 15 33 34.00 -40810.0000 -10430.0000 -1986.0000 
2015 8 9 15 35 0.00 -40810.0000 -10420.0000 -1942.0000 
2015 8 9 15 36 26.00 -40820.0000 -10420.0000 -1902.0000 
2015 8 9 15 37 52.00 -40820.0000 -10420.0000 -1857.0000 
2015 8 9 15 39 18.00 -40820.0000 -10410.0000 -1817.0000 
2015 8 9 15 40 45.00 -40820.0000 -10410.0000 -1772.0000 
2015 8 9 15 42 11.00 -40830.0000 -10410.0000 -1727.0000 
2015 8 9 15 43 37.00 -40830.0000 -10410.0000 -1686.0000 
2015 8 9 15 45 3.00 -40830.0000 -10400.0000 -1641.0000 
2015 8 9 15 46 29.00 -40830.0000 -10400.0000 -1596.0000 
2015 8 9 15 47 55.00 -40840.0000 -10400.0000 -1555.0000 
2015 8 9 15 49 21.00 -40840.0000 -10390.0000 -1510.0000 
2015 8 9 15 50 47.00 -40840.0000 -10390.0000 -1469.0000 
2015 8 9 15 52 13.00 -40840.0000 -10390.0000 -1424.0000 
2015 8 9 15 53 39.00 -40850.0000 -10390.0000 -1383.0000 
2015 8 9 15 55 5.00 -40850.0000 -10380.0000 -1337.0000 
2015 8 9 15 56 31.00 -40850.0000 -10380.0000 -1296.0000 
2015 8 9 15 57 57.00 -40850.0000 -10380.0000 -1250.0000 
2015 8 9 15 59 23.00 -40850.0000 -10370.0000 -1205.0000 
2015 8 9 16 0 49.00 -40860.0000 -10370.0000 -1164.0000 
2015 8 9 16 2 15.00 -40860.0000 -10370.0000 -1118.0000 
2015 8 9 16 3 41.00 -40860.0000 -10360.0000 -1072.0000 
2015 8 9 16 5 7.00 -40860.0000 -10360.0000 -1031.0000 
2015 8 9 16 6 33.00 -40870.0000 -10360.0000 -984.7000 
2015 8 9 16 7 59.00 -40870.0000 -10350.0000 -943.7000 
2015 8 9 16 9 25.00 -40870.0000 -10350.0000 -897.5000 
2015 8 9 16 10 51.00 -40870.0000 -10350.0000 -851.2000 
2015 8 9 16 12 17.00 -40870.0000 -10340.0000 -810.1000 
2015 8 9 16 13 43.00 -40870.0000 -10340.0000 -763.8000 
2015 8 9 16 15 9.00 -40880.0000 -10340.0000 -722.6000 
2015 8 9 16 16 35.00 -40880.0000 -10330.0000 -676.3000 
2015 8 9 16 18 1.00 -40880.0000 -10330.0000 -629.9000 
2015 8 9 16 19 27.00 -40880.0000 -10330.0000 -588.6000 
2015 8 9 16 20 53.00 -40880.0000 -10320.0000 -549.8000 
2015 8 9 16 22 19.00 -40880.0000 -10320.0000 -500.9000 
2015 8 9 16 23 45.00 -40880.0000 -10320.0000 -454.4000 
2015 8 9 16 25 11.00 -40890.0000 -10310.0000 -407.9000 
2015 8 9 16 26 37.00 -40890.0000 -10310.0000 -366.6000 
2015 8 9 16 28 3.00 -40890.0000 -10300.0000 -320.1000 
2015 8 9 16 29 29.00 -40890.0000 -10300.0000 -278.7000 
2015 8 9 16 30 55.00 -40890.0000 -10300.0000 -237.7000 
2015 8 9 16 32 21.00 -40890.0000 -10290.0000 -185.6000 
2015 8 9 16 33 47.00 -40890.0000 -10290.0000 -144.2000 
2015 8 9 16 35 13.00 -40890.0000 -10290.0000 -97.5900 
2015 8 9 16 36 39.00 -40900.0000 -10280.0000 -51.0100 
2015 8 9 16 38 5.00 -40900.0000 -10280.0000 -9.6000 
2015 8 9 16 39 31.00 -40900.0000 -10270.0000 36.9800 
2015 8 9 16 40 57.00 -40900.0000 -10270.0000 78.3900 
2015 8 9 16 42 23.00 -40900.0000 -10270.0000 125.0000 
2015 8 9 16 43 49.00 -40900.0000 -10260.0000 166.4000 
2015 8 9 16 45 15.00 -40900.0000 -10260.0000 212.9000 
2015 8 9 16 46 41.00 -40900.0000 -10260.0000 259.5000 
2015 8 9 16 48 7.00 -40900.0000 -10250.0000 300.9000 
2015 8 9 16 49 33.00 -40900.0000 -10250.0000 347.4000 
2015 8 9 16 50 59.00 -40900.0000 -10240.0000 393.9000 
2015 8 9 16 52 25.00 -40900.0000 -10240.0000 435.3000 
2015 8 9 16 53 51.00 -40900.0000 -10240.0000 481.8000 
2015 8 9 16 55 18.00 -40900.0000 -10230.0000 519.5000 
2015 8 9 16 56 44.00 -40900.0000 -10230.0000 569.5000 
2015 8 9 16 58 10.00 -40900.0000 -10230.0000 615.9000 
2015 8 9 16 59 36.00 -40910.0000 -10220.0000 657.2000 
2015 8 9 17 1 2.00 -40910.0000 -10220.0000 698.4000 
2015 8 9 17 2 28.00 -40910.0000 -10210.0000 744.7000 
2015 8 9 17 3 53.00 -40910.0000 -10210.0000 791.0000 
2015 8 9 17 5 19.00 -40910.0000 -10210.0000 837.3000 
2015 8 9 17 6 45.00 -40910.0000 -10200.0000 878.4000 
2015 8 9 17 8 12.00 -40910.0000 -10200.0000 924.6000 
2015 8 9 17 9 38.00 -40910.0000 -10200.0000 965.7000 
2015 8 9 17 11 4.00 -40910.0000 -10190.0000 1012.0000 
2015 8 9 17 12 30.00 -40910.0000 -10190.0000 1058.0000 
2015 8 9 17 13 56.00 -40910.0000 -10180.0000 1099.0000 
2015 8 9 17 15 22.00 -40900.0000 -10180.0000 1145.0000 
2015 8 9 17 16 48.00 -40900.0000 -10180.0000 1186.0000 
2015 8 9 17 18 14.00 -40900.0000 -10170.0000 1232.0000 
2015 8 9 17 19 40.00 -40900.0000 -10170.0000 1277.0000 
2015 8 9 17 21 6.00 -40900.0000 -10170.0000 1318.0000 
2015 8 9 17 22 32.00 -40900.0000 -10160.0000 1364.0000 
2015 8 9 17 23 58.00 -40900.0000 -10160.0000 1405.0000 
2015 8 9 17 25 24.00 -40900.0000 -10150.0000 1442.0000 
2015 8 9 17 26 50.00 -40900.0000 -10150.0000 1496.0000 
2015 8 9 17 28 16.00 -40900.0000 -10150.0000 1536.0000 
2015 8 9 17 29 42.00 -40900.0000 -10140.0000 1582.0000 
2015 8 9 17 31 8.00 -40900.0000 -10140.0000 1614.0000 
2015 8 9 17 32 34.00 -40900.0000 -10140.0000 1659.0000 
2015 8 9 17 34 0.00 -40900.0000 -10130.0000 1713.0000 
2015 8 9 17 35 26.00 -40900.0000 -10130.0000 1745.0000 
2015 8 9 17 36 52.00 -40900.0000 -10120.0000 1790.0000 
2015 8 9 17 38 18.00 -40890.0000 -10120.0000 1838.0000 
2015 8 9 17 39 44.00 -40890.0000 -10120.0000 1883.0000 
2015 8 9 17 41 10.00 -40890.0000 -10110.0000 1928.0000 
2015 8 9 17 42 36.00 -40890.0000 -10110.0000 1967.0000 
2015 8 9 17 44 2.00 -40890.0000 -10110.0000 2012.0000 
2015 8 9 17 45 28.00 -40890.0000 -10100.0000 2052.0000 
2015 8 9 17 46 54.00 -40890.0000 -10100.0000 2096.0000 
2015 8 9 17 48 20.00 -40890.0000 -10090.0000 2141.0000 
2015 8 9 17 49 46.00 -40880.0000 -10090.0000 2180.0000 
2015 8 9 17 51 12.00 -40880.0000 -10090.0000 2217.0000 
2015 8 9 17 52 38.00 -40880.0000 -10080.0000 2256.0000 
2015 8 9 17 54 4.00 -40880.0000 -10080.0000 2308.0000 
2015 8 9 17 55 30.00 -40880.0000 -10080.0000 2344.0000 
2015 8 9 17 56 56.00 -40880.0000 -10070.0000 2387.0000 
2015 8 9 17 58 22.00 -40880.0000 -10070.0000 2430.0000 
2015 8 9 17 59 48.00 -40870.0000 -10070.0000 2466.0000 
2015 8 9 18 1 14.00 -40870.0000 -10060.0000 2510.0000 
2015 8 9 18 2 40.00 -40870.0000 -10060.0000 2554.0000 
2015 8 9 18 4 6.00 -40870.0000 -10060.0000 2592.0000 
2015 8 9 18 5 32.00 -40870.0000 -10050.0000 2635.0000 
2015 8 9 18 6 58.00 -40870.0000 -10050.0000 2674.0000 
2015 8 9 18 8 24.00 -40860.0000 -10050.0000 2717.0000 
2015 8 9 18 9 51.00 -40860.0000 -10040.0000 2760.0000 
2015 8 9 18 11 16.00 -40860.0000 -10040.0000 2798.0000 
2015 8 9 18 12 42.00 -40860.0000 -10040.0000 2845.0000 
2015 8 9 18 14 8.00 -40860.0000 -10030.0000 2879.0000 
2015 8 9 18 15 34.00 -40850.0000 -10030.0000 2921.0000 
2015 8 9 18 17 0.00 -40850.0000 -10030.0000 2964.0000 
2015 8 9 18 18 26.00 -40850.0000 -10020.0000 3002.0000 
2015 8 9 18 19 52.00 -40850.0000 -10020.0000 3044.0000 
2015 8 9 18 21 18.00 -40840.0000 -10020.0000 3081.0000 
2015 8 9 18 22 45.00 -40840.0000 -10020.0000 3122.0000 
2015 8 9 18 24 11.00 -40840.0000 -10010.0000 3169.0000 
2015 8 9 18 25 37.00 -40840.0000 -10010.0000 3202.0000 
2015 8 9 18 27 3.00 -40830.0000 -10010.0000 3243.0000 
2015 8 9 18 28 29.00 -40830.0000 -10000.0000 3280.0000 
2015 8 9 18 29 55.00 -40830.0000 -10000.0000 3322.0000 
2015 8 9 18 31 21.00 -40830.0000 -9998.0000 3362.0000 
2015 8 9 18 32 47.00 -40820.0000 -9996.0000 3398.0000 
2015 8 9 18 34 12.00 -40820.0000 -9993.0000 3440.0000 
2015 8 9 18 35 39.00 -40820.0000 -9990.0000 3477.0000 
2015 8 9 18 37 5.00 -40820.0000 -9987.0000 3521.0000 
2015 8 9 18 38 31.00 -40810.0000 -9984.0000 3558.0000 
2015 8 9 18 39 57.00 -40810.0000 -9982.0000 3597.0000 
2015 8 9 18 41 23.00 -40810.0000 -9979.0000 3634.0000 
2015 8 9 18 42 49.00 -40810.0000 -9976.0000 3673.0000 
2015 8 9 18 44 15.00 -40800.0000 -9974.0000 3710.0000 
2015 8 9 18 45 41.00 -40800.0000 -9971.0000 3749.0000 
2015 8 9 18 47 7.00 -40800.0000 -9969.0000 3786.0000 
2015 8 9 18 48 33.00 -40790.0000 -9966.0000 3827.0000 
2015 8 9 18 49 59.00 -40790.0000 -9964.0000 3860.0000 
2015 8 9 18 51 25.00 -40790.0000 -9962.0000 3899.0000 
2015 8 9 18 52 51.00 -40780.0000 -9959.0000 3938.0000 
2015 8 9 18 54 17.00 -40780.0000 -9957.0000 3973.0000 
2015 8 9 18 55 43.00 -40780.0000 -9955.0000 4012.0000 
2015 8 9 18 57 9.00 -40780.0000 -9953.0000 4046.0000 
2015 8 9 18 58 35.00 -40770.0000 -9951.0000 4084.0000 
2015 8 9 19 0 1.00 -40770.0000 -9948.0000 4122.0000 
2015 8 9 19 1 27.00 -40770.0000 -9946.0000 4156.0000 
2015 8 9 19 2 53.00 -40760.0000 -9944.0000 4193.0000 
2015 8 9 19 4 19.00 -40760.0000 -9942.0000 4227.0000 
2015 8 9 19 5 45.00 -40760.0000 -9940.0000 4264.0000 
2015 8 9 19 7 11.00 -40750.0000 -9938.0000 4301.0000 
2015 8 9 19 8 37.00 -40750.0000 -9937.0000 4334.0000 
2015 8 9 19 10 3.00 -40750.0000 -9935.0000 4371.0000 
2015 8 9 19 11 29.00 -40740.0000 -9933.0000 4404.0000 
2015 8 9 19 12 55.00 -40740.0000 -9931.0000 4440.0000 
2015 8 9 19 14 21.00 -40740.0000 -9929.0000 4477.0000 
2015 8 9 19 15 47.00 -40730.0000 -9928.0000 4509.0000 
2015 8 9 19 17 13.00 -40730.0000 -9926.0000 4545.0000 
2015 8 9 19 18 39.00 -40730.0000 -9925.0000 4576.0000 
2015 8 9 19 20 5.00 -40720.0000 -9923.0000 4608.0000 
2015 8 9 19 21 31.00 -40720.0000 -9922.0000 4646.0000 
2015 8 9 19 22 57.00 -40720.0000 -9920.0000 4674.0000 
2015 8 9 19 24 23.00 -40710.0000 -9919.0000 4710.0000 
2015 8 9 19 25 49.00 -40710.0000 -9918.0000 4741.0000 
2015 8 9 19 27 15.00 -40710.0000 -9916.0000 4775.0000 
2015 8 9 19 28 41.00 -40700.0000 -9915.0000 4812.0000 
2015 8 9 19 30 7.00 -40700.0000 -9914.0000 4840.0000 
2015 8 9 19 31 33.00 -40690.0000 -9913.0000 4874.0000 
2015 8 9 19 32 59.00 -40690.0000 -9911.0000 4906.0000 
2015 8 9 19 34 25.00 -40690.0000 -9910.0000 4939.0000 
2015 8 9 19 35 51.00 -40680.0000 -9909.0000 4973.0000 
2015 8 9 19 37 18.00 -40680.0000 -9908.0000 5003.0000 
2015 8 9 19 38 44.00 -40680.0000 -9907.0000 5036.0000 
2015 8 9 19 40 10.00 -40670.0000 -9906.0000 5065.0000 
2015 8 9 19 41 35.00 -40670.0000 -9905.0000 5098.0000 
2015 8 9 19 43 1.00 -40660.0000 -9905.0000 5130.0000 
2015 8 9 19 44 27.00 -40660.0000 -9904.0000 5159.0000 
2015 8 9 19 45 53.00 -40660.0000 -9903.0000 5191.0000 
2015 8 9 19 47 19.00 -40650.0000 -9902.0000 5223.0000 
2015 8 9 19 48 45.00 -40650.0000 -9902.0000 5251.0000 
2015 8 9 19 50 12.00 -40650.0000 -9901.0000 5283.0000 
2015 8 9 19 51 38.00 -40640.0000 -9901.0000 5310.0000 
2015 8 9 19 53 4.00 -40640.0000 -9900.0000 5341.0000 
2015 8 9 19 54 30.00 -40630.0000 -9900.0000 5372.0000 
2015 8 9 19 55 56.00 -40630.0000 -9899.0000 5399.0000 
2015 8 9 19 57 22.00 -40630.0000 -9899.0000 5429.0000 
2015 8 9 19 58 48.00 -40620.0000 -9899.0000 5452.0000 
2015 8 9 20 0 14.00 -40620.0000 -9899.0000 5482.0000 
2015 8 9 20 1 40.00 -40620.0000 -9898.0000 5511.0000 
2015 8 9 20 4 14.00 -40610.0000 -9898.0000 5526.0000 
2015 8 9 20 5 40.00 -40610.0000 -9898.0000 5590.0000 
2015 8 9 20 7 6.00 -40600.0000 -9898.0000 5616.0000 
2015 8 9 20 8 32.00 -40600.0000 -9898.0000 5645.0000 
2015 8 9 20 9 58.00 -40590.0000 -9898.0000 5670.0000 
2015 8 9 20 11 24.00 -40590.0000 -9898.0000 5698.0000 
2015 8 9 20 12 50.00 -40590.0000 -9899.0000 5726.0000 
2015 8 9 20 14 17.00 -40580.0000 -9899.0000 5750.0000 
2015 8 9 20 15 43.00 -40580.0000 -9899.0000 5778.0000 
2015 8 9 20 17 9.00 -40580.0000 -9899.0000 5802.0000 
2015 8 9 20 18 34.00 -40570.0000 -9900.0000 5825.0000 
2015 8 9 20 20 0.00 -40570.0000 -9900.0000 5853.0000 
2015 8 9 20 21 26.00 -40560.0000 -9900.0000 5875.0000 
2015 8 9 20 22 52.00 -40560.0000 -9901.0000 5901.0000 
2015 8 9 20 24 18.00 -40560.0000 -9902.0000 5924.0000 
2015 8 9 20 25 44.00 -40550.0000 -9902.0000 5952.0000 
2015 8 9 20 27 11.00 -40550.0000 -9903.0000 5976.0000 
2015 8 9 20 28 37.00 -40550.0000 -9903.0000 5998.0000 
2015 8 9 20 30 3.00 -40540.0000 -9904.0000 6023.0000 
2015 8 9 20 31 29.00 -40540.0000 -9905.0000 6045.0000 
2015 8 9 20 32 55.00 -40530.0000 -9906.0000 6066.0000 
2015 8 9 20 34 21.00 -40530.0000 -9907.0000 6091.0000 
2015 8 9 20 35 47.00 -40530.0000 -9908.0000 6112.0000 
2015 8 9 20 37 13.00 -40520.0000 -9909.0000 6136.0000 
2015 8 9 20 38 39.00 -40520.0000 -9910.0000 6159.0000 
2015 8 9 20 40 5.00 -40520.0000 -9911.0000 6180.0000 
2015 8 9 20 41 31.00 -40510.0000 -9912.0000 6203.0000 
2015 8 9 20 42 57.00 -40510.0000 -9913.0000 6223.0000 
2015 8 9 20 44 23.00 -40510.0000 -9914.0000 6245.0000 
2015 8 9 20 45 49.00 -40500.0000 -9915.0000 6265.0000 
2015 8 9 20 47 15.00 -40500.0000 -9917.0000 6289.0000 
2015 8 9 20 48 41.00 -40490.0000 -9918.0000 6309.0000 
2015 8 9 20 50 7.00 -40490.0000 -9919.0000 6329.0000 
2015 8 9 20 51 33.00 -40490.0000 -9921.0000 6350.0000 
2015 8 9 20 52 59.00 -40480.0000 -9922.0000 6371.0000 
2015 8 9 20 54 25.00 -40480.0000 -9924.0000 6390.0000 
2015 8 9 20 55 51.00 -40480.0000 -9925.0000 6410.0000 
2015 8 9 20 57 17.00 -40470.0000 -9927.0000 6428.0000 
2015 8 9 20 58 43.00 -40470.0000 -9929.0000 6447.0000 
2015 8 9 21 0 9.00 -40470.0000 -9930.0000 6464.0000 
2015 8 9 21 1 35.00 -40460.0000 -9932.0000 6484.0000 
2015 8 9 21 3 1.00 -40460.0000 -9934.0000 6503.0000 
2015 8 9 21 4 27.00 -40460.0000 -9936.0000 6519.0000 
2015 8 9 21 5 53.00 -40450.0000 -9937.0000 6535.0000 
2015 8 9 21 7 19.00 -40450.0000 -9939.0000 6551.0000 
2015 8 9 21 8 45.00 -40450.0000 -9941.0000 6569.0000 
2015 8 9 21 10 11.00 -40440.0000 -9943.0000 6587.0000 
2015 8 9 21 11 37.00 -40440.0000 -9945.0000 6603.0000 
2015 8 9 21 13 3.00 -40440.0000 -9947.0000 6621.0000 
2015 8 9 21 14 29.00 -40430.0000 -9949.0000 6636.0000 
2015 8 9 21 15 55.00 -40430.0000 -9951.0000 6649.0000 
2015 8 9 21 17 21.00 -40430.0000 -9953.0000 6665.0000 
2015 8 9 21 18 47.00 -40430.0000 -9955.0000 6679.0000 
2015 8 9 21 20 13.00 -40420.0000 -9958.0000 6695.0000 
2015 8 9 21 21 39.00 -40420.0000 -9960.0000 6709.0000 
2015 8 9 21 23 5.00 -40420.0000 -9962.0000 6724.0000 
2015 8 9 21 24 31.00 -40410.0000 -9965.0000 6739.0000 
2015 8 9 21 25 57.00 -40410.0000 -9967.0000 6752.0000 
2015 8 9 21 27 23.00 -40410.0000 -9970.0000 6767.0000 
2015 8 9 21 28 49.00 -40400.0000 -9972.0000 6779.0000 
2015 8 9 21 30 15.00 -40400.0000 -9975.0000 6793.0000 
2015 8 9 21 31 41.00 -40400.0000 -9977.0000 6806.0000 
2015 8 9 21 33 7.00 -40400.0000 -9980.0000 6818.0000 
2015 8 9 21 34 33.00 -40390.0000 -9983.0000 6832.0000 
2015 8 9 21 35 59.00 -40390.0000 -9985.0000 6843.0000 
2015 8 9 21 37 25.00 -40390.0000 -9988.0000 6855.0000 
2015 8 9 21 38 51.00 -40390.0000 -9991.0000 6867.0000 
2015 8 9 21 40 18.00 -40380.0000 -9993.0000 6876.0000 
2015 8 9 21 41 44.00 -40380.0000 -9996.0000 6887.0000 
2015 8 9 21 43 10.00 -40380.0000 -9998.0000 6897.0000 
2015 8 9 21 44 36.00 -40380.0000 -10000.0000 6908.0000 
2015 8 9 21 46 2.00 -40370.0000 -10000.0000 6919.0000 
2015 8 9 21 47 28.00 -40370.0000 -10010.0000 6928.0000 
2015 8 9 21 48 53.00 -40370.0000 -10010.0000 6938.0000 
2015 8 9 21 50 19.00 -40370.0000 -10010.0000 6947.0000 
2015 8 9 21 51 45.00 -40360.0000 -10020.0000 6956.0000 
2015 8 9 21 53 12.00 -40360.0000 -10020.0000 6966.0000 
2015 8 9 21 54 38.00 -40360.0000 -10020.0000 6975.0000 
2015 8 9 21 56 4.00 -40360.0000 -10030.0000 6981.0000 
2015 8 9 21 57 30.00 -40350.0000 -10030.0000 6991.0000 
2015 8 9 21 58 56.00 -40350.0000 -10030.0000 6997.0000 
2015 8 9 22 0 22.00 -40350.0000 -10030.0000 7005.0000 
2015 8 9 22 1 48.00 -40350.0000 -10040.0000 7013.0000 
2015 8 9 22 3 14.00 -40350.0000 -10040.0000 7019.0000 
2015 8 9 22 4 40.00 -40340.0000 -10040.0000 7026.0000 
2015 8 9 22 6 6.00 -40340.0000 -10050.0000 7031.0000 
2015 8 9 22 7 32.00 -40340.0000 -10050.0000 7038.0000 
2015 8 9 22 8 58.00 -40340.0000 -10050.0000 7044.0000 
2015 8 9 22 10 24.00 -40340.0000 -10060.0000 7049.0000 
2015 8 9 22 11 50.00 -40330.0000 -10060.0000 7054.0000 
2015 8 9 22 13 16.00 -40330.0000 -10060.0000 7059.0000 
2015 8 9 22 14 42.00 -40330.0000 -10070.0000 7064.0000 
2015 8 9 22 16 8.00 -40330.0000 -10070.0000 7068.0000 
2015 8 9 22 17 34.00 -40330.0000 -10070.0000 7072.0000 
2015 8 9 22 19 0.00 -40330.0000 -10080.0000 7076.0000 
2015 8 9 22 20 26.00 -40330.0000 -10080.0000 7079.0000 
2015 8 9 22 21 52.00 -40320.0000 -10080.0000 7082.0000 
2015 8 9 22 23 18.00 -40320.0000 -10090.0000 7085.0000 
2015 8 9 22 24 44.00 -40320.0000 -10090.0000 7088.0000 
2015 8 9 22 26 10.00 -40320.0000 -10100.0000 7090.0000 
2015 8 9 22 27 36.00 -40320.0000 -10100.0000 7092.0000 
2015 8 9 22 29 2.00 -40320.0000 -10100.0000 7094.0000 
2015 8 9 22 30 28.00 -40320.0000 -10110.0000 7096.0000 
2015 8 9 22 31 54.00 -40310.0000 -10110.0000 7097.0000 
2015 8 9 22 33 20.00 -40310.0000 -10110.0000 7098.0000 
2015 8 9 22 34 46.00 -40310.0000 -10120.0000 7099.0000 
2015 8 9 22 36 12.00 -40310.0000 -10120.0000 7099.0000 
2015 8 9 22 37 38.00 -40310.0000 -10120.0000 7099.0000 
2015 8 9 22 39 4.00 -40310.0000 -10130.0000 7099.0000 
2015 8 9 22 40 30.00 -40310.0000 -10130.0000 7099.0000 
2015 8 9 22 41 56.00 -40310.0000 -10130.0000 7098.0000 
2015 8 9 22 43 22.00 -40310.0000 -10140.0000 7097.0000 
2015 8 9 22 44 48.00 -40310.0000 -10140.0000 7096.0000 
2015 8 9 22 46 14.00 -40310.0000 -10150.0000 7094.0000 
2015 8 9 22 47 40.00 -40310.0000 -10150.0000 7092.0000 
2015 8 9 22 49 6.00 -40300.0000 -10150.0000 7090.0000 
2015 8 9 22 50 32.00 -40300.0000 -10160.0000 7088.0000 
2015 8 9 22 51 58.00 -40300.0000 -10160.0000 7085.0000 
2015 8 9 22 53 24.00 -40300.0000 -10170.0000 7082.0000 
2015 8 9 22 54 51.00 -40300.0000 -10170.0000 7079.0000 
2015 8 9 22 56 17.00 -40300.0000 -10170.0000 7075.0000 
2015 8 9 22 57 42.00 -40300.0000 -10180.0000 7071.0000 
2015 8 9 22 59 8.00 -40300.0000 -10180.0000 7068.0000 
2015 8 9 23 0 34.00 -40300.0000 -10180.0000 7063.0000 
2015 8 9 23 2 0.00 -40300.0000 -10190.0000 7059.0000 
2015 8 9 23 3 26.00 -40300.0000 -10190.0000 7054.0000 
2015 8 9 23 4 52.00 -40300.0000 -10190.0000 7049.0000 
2015 8 9 23 6 18.00 -40300.0000 -10200.0000 7044.0000 
2015 8 9 23 7 45.00 -40300.0000 -10200.0000 7038.0000 
2015 8 9 23 9 11.00 -40300.0000 -10210.0000 7031.0000 
2015 8 9 23 10 37.00 -40300.0000 -10210.0000 7026.0000 
2015 8 9 23 12 3.00 -40300.0000 -10210.0000 7018.0000 
2015 8 9 23 13 29.00 -40300.0000 -10220.0000 7012.0000 
2015 8 9 23 14 55.00 -40300.0000 -10220.0000 7004.0000 
2015 8 9 23 16 21.00 -40300.0000 -10230.0000 6996.0000 
2015 8 9 23 17 47.00 -40300.0000 -10230.0000 6989.0000 
2015 8 9 23 19 12.00 -40300.0000 -10230.0000 6981.0000 
2015 8 9 23 20 39.00 -40300.0000 -10240.0000 6973.0000 
2015 8 9 23 22 5.00 -40300.0000 -10240.0000 6965.0000 
2015 8 9 23 23 31.00 -40310.0000 -10240.0000 6955.0000 
2015 8 9 23 24 57.00 -40310.0000 -10250.0000 6947.0000 
2015 8 9 23 26 23.00 -40310.0000 -10250.0000 6937.0000 
2015 8 9 23 27 49.00 -40310.0000 -10250.0000 6930.0000 
2015 8 9 23 29 15.00 -40310.0000 -10260.0000 6919.0000 
2015 8 9 23 30 41.00 -40310.0000 -10260.0000 6909.0000 
2015 8 9 23 32 7.00 -40310.0000 -10270.0000 6899.0000 
2015 8 9 23 33 33.00 -40310.0000 -10270.0000 6888.0000 
2015 8 9 23 34 59.00 -40310.0000 -10270.0000 6876.0000 
2015 8 9 23 36 25.00 -40310.0000 -10280.0000 6865.0000 
2015 8 9 23 37 51.00 -40310.0000 -10280.0000 6853.0000 
2015 8 9 23 39 17.00 -40310.0000 -10280.0000 6842.0000 
2015 8 9 23 40 43.00 -40320.0000 -10290.0000 6829.0000 
2015 8 9 23 42 9.00 -40320.0000 -10290.0000 6817.0000 
2015 8 9 23 43 35.00 -40320.0000 -10300.0000 6804.0000 
2015 8 9 23 45 1.00 -40320.0000 -10300.0000 6791.0000 
2015 8 9 23 46 27.00 -40320.0000 -10300.0000 6779.0000 
2015 8 9 23 47 53.00 -40320.0000 -10310.0000 6765.0000 
2015 8 9 23 49 19.00 -40320.0000 -10310.0000 6752.0000 
2015 8 9 23 50 45.00 -40320.0000 -10310.0000 6739.0000 
2015 8 9 23 52 11.00 -40330.0000 -10320.0000 6724.0000 
2015 8 9 23 53 37.00 -40330.0000 -10320.0000 6710.0000 
2015 8 9 23 55 3.00 -40330.0000 -10320.0000 6694.0000 
2015 8 9 23 56 29.00 -40330.0000 -10330.0000 6681.0000 
2015 8 9 23 57 55.00 -40330.0000 -10330.0000 6664.0000 
2015 8 9 23 59 21.00 -40330.0000 -10330.0000 6648.0000 
